244535
750374
164067
311237
272191
204137
1052840
274223
241757
413925
284272
196972
291656
254913
444615
369460
277704
251511
231317
246393
447695
418025
450769
277659
413267
289085
413965
390652
285780
264589
296521
402882
394102
203638
306112
409606
265039
279376
280413
253899
311665
286302
283877
397872
255014
261522
924289
1047250
301517
311105
284220
629191
251721
219143
215819
283667
237325
304402
283969
281655
265961
304608
291656
287543
196534
195268
260428
181755
455456
328618
1055082
358347
289647
287380
285617
286736
196307
158470
453834
244037
992657
822550
289936
244707
274351
219913
286944
209419
173313
281117
285738
394105
263604
285166
282243
291491
269679
254614
289073
299999
