9086806
9943968
7067915
9346869
9940399
9673990
9408660
8632783
9637808
8926172
9072333
9023209
6990445
8546862
7829332
8398297
9330795
9808189
8047006
6595660
8080437
10420035
9695787
8994355
8613078
9010795
9417309
8869353
9149370
9474726
9032406
8660302
7592146
9185575
8278003
9745939
6883980
9169554
8150301
6857474
9957493
9759100
9983049
8457255
7337602
9188092
9284110
9396160
9911303
6524098
9411718
6900929
9893872
9257749
9329812
9693299
9380637
7906469
6503587
10318334
8974984
8965823
8862235
8602197
7900099
7928147
6774329
9430215
9341597
7926826
6965738
7115518
7925669
8350074
9638093
10007985
8755290
8132837
8869647
8822129
8739381
9478226
8965144
8336469
9818650
9219452
9654713
8070008
6887657
6992643
9233766
10409154
8667501
9311265
6941445
6913384
8443358
8874175
9814450
9270268
8131657
9093476
9940789
8754015
8929841
9831206
9802228
7906164
8534595
8494709
9172772
9276696
10385233
9439960
7455022
7910119
8291500
9093252
7484505
9418823
7716988
8545504
9030044
9220056
9281935
9134321
8485988
7971091
7094096
6941224
9353131
7314454
9089486
7640747
10007949
8703733
8310900
8754308
8729887
7841053
7980305
9099473
6913173
8155587
6862141
9267663
6888102
7667771
7971850
8107536
8426041
8876043
7837371
8965646
8006629
10277455
7085085
9061837
9428393
8428048
9250200
9158830
7949275
9415631
7752373
9101013
8971523
9024047
6878477
8988852
9418497
9445415
9191445
7244091
9353885
9059916
8948519
7900351
6906007
6992337
10001516
8023232
7912822
6080280
9229669
9376477
6314130
9250830
6879438
7849297
9073830
7960464
7766040
9333086
9001133
8795215
9220158
10264976
9183151
9564673
9266709
9761357
8826382
9145516
9779515
10385677
8965010
9460442
8014936
9012511
9048524
9243075
8265297
7488123
7575242
6949406
8007809
10325801
9274811
9051992
9654594
8874103
9601694
7595866
7263916
9212434
8970933
9300618
8649432
6348077
9294677
7893012
8962975
7901306
9464940
7655025
8848194
7983031
9373276
9723672
10215061
7520996
8090985
7125020
7691855
9406904
9015263
9929870
7843058
9310161
7772460
9241933
7380683
9115200
7046068
6895924
8033182
9429521
10406857
7948851
9268556
9664418
9865263
7752974
6939567
6993400
8727936
8758149
8751450
9881255
9212701
7890816
8295120
8545484
8060305
10421363
8470935
8068293
8651077
9218548
8043942
8105953
7957691
9377358
8131125
9060290
7811300
9972722
7966494
9189210
9652984
6953396
9514293
8005946
8754213
8022795
6171857
9984046
6560773
10393007
9461524
9146165
8898517
9254691
7751361
9231532
8974504
8277525
9257060
9002992
9192706
10387318
9407335
6942117
8460200
9460297
9426617
8808563
9110042
8873335
8957936
8375054
9141099
9066019
7678759
9425544
9761387
7664542
8649792
7470906
9476407
9428638
8428004
9763092
9722195
9411344
8174219
6316322
9892263
7971040
9414001
7014587
8341967
9250218
8620823
8976093
9488804
7999939
9619252
6960774
9253231
10051128
8798659
9471129
9252548
9229023
8733736
9058046
9243943
8534041
9294651
6895344
7847664
8113944
9234159
9315263
9691831
8705433
9274716
8962760
9321748
9814958
8103925
9407367
8558724
9438780
8484963
6942349
9123088
8629408
10412501
9128782
7917895
9601268
7451347
7658197
8564303
7699933
6591133
8000433
9658488
9400296
9266201
9257346
7971648
8754820
8087460
10385157
8864860
7708866
9252622
9802536
7102575
9079756
7944967
9268034
8145792
7047368
8127635
9409514
6922878
8925421
6920849
9253931
7800740
9271919
8992250
10396858
9405572
10201101
8994355
9269660
7923117
8847556
9401022
9247143
8997590
7980400
9858909
9046986
7276775
6508187
7032457
6999616
9267003
8597578
10184809
8983362
9256789
6678823
9376112
8079132
7676403
9282865
9462716
8002714
7522153
9238853
9127533
9331562
9440172
9873421
7941732
9414265
8876786
8552556
8030561
7954941
7066486
8729102
6946398
7964471
6997711
9328793
8045735
9475710
10053227
9554755
8874988
10385571
8160394
9412708
9591618
9221321
8924101
9142452
8320913
9599495
9133149
9098448
8941457
6885798
6881111
6969157
9427648
9879922
9432768
7843983
6965949
9082966
8551378
9897841
9185244
9416053
9230901
8865653
9299930
7252533
9633229
8561918
8876341
6350090
9139584
7970997
7590822
8480034
9227293
8542784
7514026
9127280
8360994
9829880
8512019
7794850
9407858
9098340
8890468
10003335
9873717
9899737
9226816
9411597
6875754
9135212
9241003
8842261
9258357
9118122
8660918
9408770
8442069
9430304
9203068
9888859
8974816
9955656
8587098
7924334
8149492
8932618
6665550
8376632
7930470
9371878
7975229
9297426
9089814
7943354
7482587
9230081
9103049
10444268
9902382
9251783
8836895
7834706
8604264
9999357
9297086
9204195
7759767
7587048
8963988
8861606
9178171
6348285
8013277
9387148
8250724
9339908
8251308
9850422
7801091
9451547
10264976
8433031
8080167
8743584
9414466
9387155
9199562
7334210
8116006
9043555
9107555
9060032
9413779
9687509
9156776
9646255
9254587
9439354
6668608
10442570
6947728
6867711
9386454
6936681
7794149
6201312
9489819
7913410
8161780
9074410
9253146
9220055
9151077
7958410
10438100
6786165
8011995
7965386
8848517
8938436
8016309
9146936
7068407
9340147
9342075
9944803
10325922
9021762
8502949
8965616
8960459
8017141
9750098
6635390
8757269
7991027
9424410
7401708
7808718
9090305
10419394
7889804
7929480
9139645
8162550
8085693
8552444
6931377
9391911
8709608
9082118
9050116
10046736
8903679
9095315
7943910
9654651
10276676
6963102
6942672
9877694
7018046
9311147
7910408
9473479
8257846
6503694
9403227
9234727
6235839
8417186
9022574
9339187
7049329
9315340
6785956
9252681
10439515
7934056
9264593
10439332
6879791
9074324
9801325
9619007
9450431
6942165
9244331
8496996
9375199
6953070
8876646
7021084
6956468
9369375
9050135
7975555
8546639
7927601
7910543
8747641
9257346
9231271
9256028
8436942
6945843
9953902
6909487
7791907
9402682
6456440
8461396
9317003
7591349
9078482
9303007
9277199
8676929
8941787
9821872
6924000
9209126
9401585
7285767
9776806
8351134
8709214
9264867
8116201
8065953
9382370
9005912
9455906
9260463
6979174
9234148
9862967
9410131
8827273
9255645
7995195
7610359
10465158
8988032
8551778
7840487
9423547
9050822
8724326
9230876
9311504
7488123
6786846
9299827
6771620
7655684
9992282
7665620
10415021
6698902
7901259
8950304
10360069
9234990
8014910
9249591
6881366
9415254
7788912
9459249
9539571
9856941
7082972
6937950
7902830
9025607
9372098
7085522
9019345
8757556
9986977
9053066
9208608
9436768
8172211
9257008
9928228
9221645
8278004
7835357
10387912
7936637
9370240
9110083
8648842
9136597
7829164
7903269
8920654
9478533
9980471
8969727
9131554
6921428
9233348
6863336
9113769
9044927
8826200
8436363
9997374
7767249
9638866
9433972
9390947
9658509
9374725
7961547
7668336
8901194
6509068
7963396
6884642
7965352
8042081
8305071
8105187
9152613
9448087
9220793
9260836
8501138
9225317
7055339
8556003
8460509
9382838
9255494
9775315
10358645
9245151
9334918
9130352
8317293
9126681
9231657
9257335
7033347
10239300
7903317
8977558
9414815
10292153
8555880
8486813
8968029
8770052
9403183
8949197
9722118
9915945
7971262
9217422
9257601
8045474
9864648
8632868
9185703
7759591
9084180
8119796
9283523
9292910
8014288
9269102
7515259
9624908
9212810
10023483
9353991
7443976
8131901
7944886
9928370
7940320
6976179
7981053
8027894
9673208
9793274
7074114
9555597
8239695
9644730
8066513
8587493
8441294
9258069
9023313
9461273
7800976
9437089
8912171
9301103
8935797
9294209
9262423
9653075
6822430
7620049
9215109
9451427
9628967
8140469
8908046
9532928
9030791
7816244
8815700
6374092
9176707
9928152
6989114
9476264
9219696
8934200
8837690
9206615
8939883
8546019
8625762
7955607
7670742
8020452
9880243
9067152
9118517
7747996
8024250
7905724
6932880
10283565
8254802
8892110
7934030
7842360
8039040
9213019
7659442
8166760
9539563
8913644
8052941
9370646
9341570
6876807
9000294
6236197
9046813
9436654
9235615
7034733
8969417
8974231
9354850
9340968
8938776
8968554
6969515
8258661
7928115
9083109
7973410
6979203
7948402
7930491
9042313
8614525
9172454
9110921
9241120
9042187
10442605
9295528
9066019
9998209
9543720
9650136
9089416
9134258
9269591
9398410
7831553
6957210
8810907
6893573
9200260
8342052
8405052
9259677
8219618
9386727
9804254
7288247
7001050
8603090
7052075
9018837
8232490
9293310
7054567
6865483
9848796
7798712
9882987
8026991
7957367
6304206
9127914
8428103
7811990
9338695
6887149
6226910
6941241
9925488
9232890
6816515
9471508
9082479
9401471
10203335
9432216
8754506
9399602
7798955
7401419
7981742
9239712
9400596
9251755
9721515
8317034
8317555
8160173
7397066
7753596
8793108
8441048
7079749
9007604
9476233
8508011
7477652
9611661
8436363
9224510
7964594
8122391
7006966
7969897
9389048
6995906
10439287
9200965
9147139
9046702
9435589
9457579
6874624
9979348
10370996
9402671
9548868
7800522
9051067
6945629
7339529
9936876
9179345
9644233
8977518
8539079
7909865
7940750
9820916
9355676
10047932
7830659
6622419
9006643
9228519
9265473
9649751
9294522
9415672
9647029
8879330
9311607
7937826
9082085
9368469
9048750
7258632
8757395
9569839
9112438
7073822
7986025
6929233
9015398
8862941
9266971
9298960
9356078
9004781
8104560
7945169
9219962
9481220
9146688
8777777
8955336
8218638
7969708
9108434
9995272
7045233
8175877
9658411
9832017
7034613
9096888
9135144
9373178
8041292
8866526
9159000
6998960
9186590
8113408
8903931
8461531
8068154
7941366
10006306
8487055
8385544
9327792
9109998
6892527
9257349
9163360
9390725
9000200
10452732
7825153
9667591
6367506
8869198
7922183
8743117
7929175
7093474
9305785
7254247
8083074
9372269
8714401
9438267
9245980
7965895
8862536
9540301
9090305
9412698
8998575
10399138
8005930
9332324
9231350
8672553
9130869
8399768
9743483
9149627
7954719
7099710
7436994
6793978
9446170
9230484
9432406
10417571
9231731
9166225
8975009
8994727
7516990
6555995
9032842
8114717
8150694
9142652
9129830
7685337
9273505
9051076
8749625
8471005
9178512
8758916
9220273
7968717
9158945
9774496
8139966
9827108
7922903
7767494
9368411
6697918
6886478
9884993
9262915
6699095
6880660
8977355
8796009
9340665
9563235
8972613
8735619
9861146
9259400
8157192
9291524
8480056
9549570
9274077
9266581
9407502
9723686
8999296
7910618
9218034
8036732
8874266
9095813
7915521
7977590
7632053
8396532
8538187
9438346
8856307
6507987
7922619
7839558
9768142
9049425
9654426
7818822
10241727
8377686
9117915
10102651
9187533
9032494
9156846
9726050
7384353
9368783
7938659
9023979
6877941
9993300
9288559
9812998
7341754
8190873
7896482
9006933
9083787
7941760
9592974
7943768
6893597
6962639
9172198
9056006
8979454
9145078
9240703
9875250
9231403
9763690
7808005
9093209
9118390
8740155
8222122
8875903
9230844
7230739
7034050
9399505
8976512
7792437
8807230
8717132
9024812
7532102
7964941
9450093
9465418
7807350
8508655
8762621
9331267
10276775
8960620
9430907
8036679
7263811
9158341
6945462
8002686
9999081
8191181
9028487
8864203
9436189
9426777
9845383
9270025
9452917
8756175
9338237
7905201
9675147
9082139
9929699
9951963
8025005
6625308
9292821
7884508
9267742
8976543
7255118
6945761
8575980
9386557
9539452
9218694
8471741
9428709
9285744
8509565
8626100
9118232
8843522
6219927
8240159
8261913
9136200
6315912
7790244
9884282
8988011
9802895
7930279
9389270
8730555
8633220
6889460
9259737
9368526
9652401
7794497
8317034
9774682
9751792
7593030
7708852
9897649
7471007
8013498
9005091
9282243
6305390
9409609
6966876
9990097
9803769
9471969
8173952
7901988
9054537
9028981
9924025
9426787
9899937
9187554
6523711
9379477
9217350
6921698
8103178
8549404
9234159
9417759
9250509
6905210
8026784
9474806
9479952
9669940
9413805
9347202
7311669
9884234
8067392
9437049
9848179
9405604
9867204
10287334
5957352
9051948
7791050
9345136
6508255
8337541
9250149
8151715
9163438
9356611
9139057
7749059
8448823
9814713
9270940
9478617
10283565
9051067
9335868
8969610
6932333
7899088
9346046
9017010
9371891
9860583
10450327
9419789
7679577
6896641
8818350
8818362
7982756
8974745
9081610
8250740
8945051
9711502
9221788
8740005
9122650
8490114
7846428
9854597
9640024
8445004
9551265
10192158
9217347
7045133
8976038
8392064
6665898
6618942
9220959
7945330
9120195
9254540
9891189
9389591
6395525
6984355
9389469
7018778
7053135
9360460
8976072
8156592
7931789
7959493
10181656
9074849
6610231
10385552
9879929
7622696
9188213
7961654
9687917
9610431
9212974
9342161
9334295
7045459
9547470
9463665
9421555
6228855
8146311
8731585
9225219
9747675
6229132
9055907
7948382
9057561
7897958
9849546
8149353
9121773
7277117
7068973
7763828
9263956
9229403
10405548
6258956
9729384
7794212
9865083
8845450
7763994
8185871
8079645
6890116
6945614
10246725
9416300
7825705
9421412
6840786
9541201
9429222
9206932
7890672
8953353
8333661
9177944
8753220
7759982
7950036
8502897
8671354
9230063
7936435
7476061
6427550
9092388
10285538
9367267
6952687
8149663
8487662
9307767
7527676
9030217
7950319
9952407
9473751
9310605
9449947
9197438
7941979
9232456
8241848
6888057
7290393
8629063
9082631
9264908
8975677
9611824
9920727
7836615
10275265
9370463
8847236
9187827
9830670
7884548
7942680
7833071
8261398
6902037
9264938
7593465
9246955
9263405
8038444
8900042
6917022
7794525
9956427
8957043
9389608
9281843
9876057
8021715
7622776
7951645
7901809
6925077
9662525
8988682
7876304
7868584
7798229
9766778
6942924
8486818
7083281
8090932
8396944
7794482
9381521
9210185
7148322
9144287
9689175
7853537
7902835
9883013
9047096
8632826
9425971
9374284
7723906
7947595
6398297
6895969
7880175
7924485
8155150
10325490
9236963
9026747
8099091
7919679
8105589
6983933
9092588
9256796
8484914
7805650
8900354
10370815
8655676
9275508
6962878
7683973
8861681
9221636
9446371
9026871
7026304
8036576
9834724
9355916
9729719
5959002
9425427
7842359
8070207
7601607
9348754
8117920
8968956
8029692
9232203
8746442
5977618
9444463
7647683
9062187
8101620
9132463
10269077
10191243
6672700
7007434
9388064
9377208
9374041
10268099
7797241
8186630
6592312
8998572
9254571
9222736
9294252
8998689
8837954
7046086
6665905
9738165
9341239
8961005
8744963
9637734
9084897
7482683
8975438
8936633
9265720
7799917
8799435
8073003
9265640
9341654
6894731
8826495
8476604
7391781
6892433
9329839
9335034
9618211
9083033
9044558
8740608
7578590
7920188
7913162
9036164
8738021
9553511
10396426
8572687
9023428
8706745
7634655
9262227
6887309
7750843
8044283
7969782
9765660
8006020
9246828
10399067
7848065
6889074
7842360
9294224
9412482
6159158
6705371
8749015
6887498
7270307
9331337
9341690
9431904
9439749
8437339
7904261
6987244
9868642
8130346
9010492
9032411
6896018
7057196
8991165
9864996
9188936
9269285
9474024
8829553
8013619
9288467
9431841
9342442
7926989
7828744
7832120
9470795
8704965
9850339
6837984
8146916
9246955
7910976
9399761
9381562
7926824
9409597
10182863
9865873
8737066
9369603
8920426
6693947
8027027
9131703
9548541
8821332
7288156
8117406
6424973
8823876
10266850
6891118
9203484
9489532
9409851
7933813
9996826
8147642
6507790
9616853
8247424
7753234
8251788
6116930
7811270
6304116
7992730
8766566
7875246
9445415
9149848
7835407
9806454
9033485
9332479
8924950
8731762
9478287
8740503
9501116
9092816
9852846
9825307
8443946
9272430
8233120
9230383
8747336
9075864
9424992
7460833
9213495
9263240
8727931
9091361
9166589
9201730
7085068
9068678
6771899
6231820
9217600
8111943
9152224
9090432
9446298
7483402
7630967
7704236
8888741
7889804
7961977
10324265
8639544
10255998
8344819
9043707
7945248
10396346
6530070
7905535
7746893
9407423
7929193
9246079
9209277
7922472
6926118
7393277
9828416
6917453
8155366
9041638
10421653
6448226
8860396
9705947
9409695
9769373
8872951
10006328
8209221
9267496
7980168
9234219
9435447
8011014
6940163
9188998
8253694
9471247
9145082
7889804
7673764
9256947
9111862
9293666
8151645
9408000
8744471
8157183
8292366
8815763
10291242
7033270
9123978
6340829
6967907
8863512
8999107
9876266
8138868
9402632
9622760
8278218
7458341
7661525
9070901
8999663
9540597
8864970
9613757
7650210
7832176
9462245
8106914
10440178
7842660
9192159
9121118
9222174
7476915
9051172
7611665
9621725
8071360
10321762
9244201
9265348
8878066
9291726
9343767
7005145
9793010
9366133
8071086
9347032
6697499
9470085
9043543
8410546
9010337
9369605
8243764
8196046
9951656
8355877
8488547
9417000
9338742
8712018
7930036
9474063
7515280
7915297
7936565
7255382
7488368
8255097
7302157
6359170
8100952
7906427
8753770
9620878
8083779
6390772
9946867
9201359
8011338
9389028
9990586
9730794
6939921
6942312
9437562
9272283
10269412
9108041
7438554
9805375
8821273
8072437
9252979
9338281
9343074
8615196
7823521
9210641
6863336
7011671
7559209
7993615
6622817
8736787
10393490
8601617
7842550
7906039
8124436
7823004
7971696
7307761
10299644
6832344
9179044
9487964
9485196
8234827
6883946
9075118
9168071
9817474
8762715
9020531
7964998
7288038
7275054
9190138
9271084
8090619
6887323
10048372
9063005
7946440
9209675
9756440
9005929
9413702
9281153
8919565
7997339
6674492
6987395
7667534
6893604
9669961
8704740
9549161
8362817
9518374
9188405
9315016
7976053
9096507
8009043
6005287
9406389
8921371
8631205
9070267
7277740
9332792
8777344
9539571
6022140
7066411
9048772
9540919
9373522
8446130
9326958
6213999
8936243
8931474
7797936
7325575
6540623
10372545
7656188
8921540
9983691
8912144
9273987
10010668
7653597
9258294
9233181
8385544
9578720
9398077
8017798
9246660
8079132
8816757
7722651
6832344
9185034
9857598
9375927
9939140
9420609
8741938
8659801
7016326
9247278
7586820
8171012
10281010
8546203
9285351
9781551
9436297
7874255
7768573
8995034
8551368
7068260
9046998
9048768
8837655
9264021
8054369
9261425
8007505
9388675
8756737
9056593
8705715
9219032
8725586
9266101
7747196
7989590
8929022
9857740
10397546
6772000
10050715
7843294
9264211
7036654
7553405
8840762
9894422
9440153
8743344
9257038
9386760
7066612
9052983
8000369
6275113
8874994
8552266
7925545
9597386
7057448
10396038
6927349
9475988
9412190
8965894
9220333
8166567
8170191
7940059
6131372
9003947
9111009
8104592
9806181
8354828
9133035
6502635
8451649
8872652
9268135
9417880
5956834
6318682
9035737
9295754
7912564
9386525
8001459
8731505
7928944
6969445
7860820
7951368
9286103
9006664
8741813
9431212
9268135
9221589
7545058
9324997
9368193
8156494
9371733
9292181
7827587
9474419
9478533
8374515
8038036
9892805
8448814
7991563
9033427
9617342
7291522
9416876
9723993
8956378
9026726
9250276
8717082
8023889
8508907
7959134
6295237
8967867
6781549
7628848
9991178
9386232
9392218
9892269
9436899
9458431
8505624
9801324
8562387
9347509
9778561
10401035
8486085
7798656
7045326
9801508
7488435
8741813
9892493
9073830
8386228
9613114
9876829
8753832
9889936
9893197
7401708
8108467
8738317
9012608
6952561
10400168
9407578
9202623
6502658
7810436
6116788
7929378
9875320
6706123
6937625
7477942
9034935
7835178
7987017
9760063
9534832
9875655
8548676
9132747
7582619
8306185
9203206
9146481
9340825
7902830
9481410
9184870
9211393
8038447
8151360
8021769
9422235
7945509
6941946
9145397
9084511
9333484
9886678
9628367
8430371
7972142
9266097
9510506
9698334
8988692
10426008
9584805
9850040
9072049
8107191
6622044
9151001
9282783
8450265
10086494
9255494
7837307
7998691
6887978
9175243
9986787
9474970
9157209
8035483
9000364
8739758
8384892
9235808
9399631
8057182
9260865
7978758
8634986
8000156
9813010
9207418
8484305
9130101
9228352
9426784
9335344
9080027
8473277
9876159
7957054
9255979
7052290
7706484
9637819
9137615
6561875
8711089
9401351
9190103
9754876
10435284
8033573
7054783
7956183
8011452
7931607
8000630
9649663
8160976
9516997
9010492
9385170
9804815
7562024
10463599
6221744
9087399
8703399
7905784
6307753
9256422
9189597
8731028
9474822
7821806
9462750
7942006
9149600
7910405
7356530
9167449
9410131
7804004
8894517
9164733
8951805
7034141
9145350
9161558
8616471
9647073
9377370
8452941
8134763
9601873
9167614
6886912
7454371
9475667
9040752
8855200
6078933
9391721
9259074
8304707
8857541
9007235
9892448
8738057
9981322
9219696
7398718
8474888
8019246
9116080
8448922
8070115
9545722
6905755
9758921
10360058
9343131
9092545
6883200
8572878
9743483
9401711
7998161
8745028
9257383
9070433
9267727
8114661
9100783
9455928
10028100
9428893
7403871
7935949
8839130
8948072
9850534
7985134
8960909
9236381
8566435
9899890
7853158
9807342
9033030
9996935
8778836
9439437
7045646
8739859
8192192
9179651
8920331
8966116
9258601
7993816
8295287
7031579
7965830
9027851
8731737
7956737
8295223
6980581
8918976
8081649
9254664
8033073
9264204
9275457
8102731
9882008
8733073
8347341
6863687
7523345
7945398
9764198
8504930
8862025
8024978
8891912
9042118
9622035
9336166
7396906
7048938
8422674
8487834
9247615
9252126
7276775
9763415
8741099
9011383
9257634
8774903
7951597
9266535
8503516
7993543
7665656
7977939
8312243
7330837
9153708
9098187
9211797
7967810
8945832
9128435
9285929
7619178
7656522
6882026
8452620
8021113
8103550
9350865
6903208
9004988
9542453
9317239
7002346
7903510
8384214
7598252
9121742
8768603
7186480
8825663
8966535
9059216
9411964
6340829
6868669
7714397
8153016
8876696
7818822
6882026
7920557
9209706
8192698
8728699
9263899
7614768
9198964
9331836
9328426
6904933
9226879
6887541
7665647
8859627
9375349
9452579
8253694
9084037
9636563
8437578
8547047
9728998
7283076
10386541
7804041
9896873
9808916
8117148
10411427
9348009
7812277
9164307
6383383
8859569
8040331
8506363
10050453
9922404
8149974
7922634
8829204
7998657
9187719
7089553
9864735
9388663
7934398
8702609
7912612
7394578
8617896
9017516
7824007
8353463
8012952
8060305
9860126
7832551
8550186
6168714
8158162
9896873
9276065
9783786
10207223
8217686
8350481
6983673
9188440
7334498
9148398
9187854
9730565
8453512
9207996
10361496
8149980
9035666
7007434
9950625
7821806
7622983
9252219
8114491
9396913
9446897
9617165
9651813
8793183
9341744
6030490
9352519
9047412
9091556
6891548
9278255
7797949
10203039
8460445
8446471
8082931
6999723
10439687
8062710
7025546
6978842
9936556
9030128
6539345
6902893
7349867
7755913
9269285
9249824
9473384
7964396
8970045
8184247
8919473
9225081
8033807
7234463
7962774
9721673
8198808
9129956
7965276
6341863
6991027
9664682
8442086
8031400
8320984
9163753
8144940
9313319
6321327
7651909
9164775
8710722
9815591
6940775
9006135
6420899
8069002
6994637
7513992
8474324
8641214
9141309
6433958
9092166
9251836
9987517
8539973
8862964
9118940
6938866
8428884
9253775
9984529
7067219
8970577
10433211
8312033
8953355
8005482
9346106
9424371
9387380
9744166
9274095
9471370
8317465
8501369
9054351
9156865
9732164
9444189
6695189
7335092
6786679
8998797
9470798
9185269
8938622
9253955
7797872
8960176
9169300
9049459
9300185
7799861
6902839
8109196
7951236
6989069
8502791
9128435
9268621
8757998
9117165
6005581
8167929
8823431
8571589
6946692
7101176
9421194
9192927
8073138
7257891
9249570
9243842
9375710
9618860
9255513
9489620
10054145
7070103
9010322
9001394
9134870
9604751
9051989
9567888
8771875
10307011
9439958
6891600
7843269
9474062
9615512
9310774
6758132
9504614
6674109
9230070
8220192
8590074
9135334
6929395
9026951
9398273
8022835
9226114
7999678
9013749
8291913
9213534
8503953
9446413
9267791
7565220
8942461
7972681
9833278
9049682
7925544
8027833
6607709
7511167
6671710
9478280
9270684
8825421
9347573
9658465
8115982
8826672
9406791
8387946
9078008
6913515
8084876
6315603
8917733
10295695
9249460
9074649
7079858
8153076
6943727
8254576
6981518
9305835
7083948
9054330
9375482
9388814
6417731
7048596
9334266
8940174
6896682
9647451
8814390
9255418
9082343
9411962
8921688
9192440
9249794
9034596
8888939
6926482
8047895
7938333
7979135
7274146
9541127
8800088
9130388
6027381
9210281
8117835
8999345
7620049
9388812
9753780
7919947
7980012
7967995
6351694
9378769
9638093
9374998
7918616
8572598
7835634
8863401
8255736
8846498
9931932
8817670
9537167
7678031
9271199
8091239
9295804
5956164
9237982
7839131
9883155
8364989
9359078
8066513
9117914
6351081
7923838
6229419
9204652
9935213
9242237
7799454
9184961
8449926
9993809
7745746
10359954
9083597
8735619
7962981
8488679
8555426
8998867
10051292
9426536
7966450
7843107
9729419
9445800
8999062
8721346
8107290
9180899
7951712
10284686
9412431
6868669
10449236
6316194
9593405
8546416
9765612
6232217
9222736
9034869
7618371
7927951
8539079
9291560
8972657
9436661
8964398
7135276
9250588
8787297
7593264
9044029
9298681
9387394
8256326
7910053
7245028
10022201
9861146
9136107
8219021
9630417
8489432
7708315
10225380
9060032
7846189
9275734
8116186
9181869
7790144
9228620
9803585
9258958
8546940
9022422
9267841
9040639
8841425
7942339
9234742
10384814
7971463
8824738
7971262
9824218
8377987
7083304
6952285
8649818
10047183
6921307
6891731
8844944
6898639
7929607
7977667
7966063
7804141
6958925
7673759
9462391
8149587
9269869
7905276
9147036
7685959
7835670
8922786
8127706
7923551
9952651
9455435
8259667
9261444
8244213
7307144
9979094
9395759
7995425
8971470
9269660
10413029
9802461
8277422
7053277
8000287
9270678
9355539
8069471
6945771
6882497
7965860
8488625
9172372
8255374
8929471
9436817
9857293
9128139
9445956
6857978
9211036
6884158
7618227
6923314
8878068
9522302
7801781
9936817
7975527
9597810
8581241
7810912
9946811
9253261
9410707
10047171
9155967
8815290
8067093
9369110
9372004
9294342
8048837
6592190
9155898
9293015
7619278
6990258
9251686
9387275
9326958
9460270
9201628
9141476
6386639
9157554
10450554
9531748
8050168
10435635
8193319
8139523
7615738
8986800
8894418
9025845
9000256
9250151
9017351
7976792
8021715
7640502
9902754
10010806
8768204
8454038
8834243
10290627
8194046
9098759
9802709
7487832
7849458
9334690
9350187
9394481
8756287
9004032
9899890
6623574
9283088
9952081
9615928
9307743
6983604
7985637
9406936
9357166
8215732
8875481
9086582
8818220
9350184
8710118
9637330
6946698
9636199
7074874
9434659
8971260
8496578
8757795
9230055
8240117
9894559
7228704
9008497
9130783
9806173
9129398
8906590
8871529
7749905
8284448
7016229
8988692
7942265
9198228
7273996
9140548
9267931
8943473
7260907
9120600
6916662
9546370
9340665
7906218
7289969
9338774
7940983
9749180
9302143
10319442
9307695
8852200
7745021
9243832
9223255
7747569
9170725
9847647
7982298
9418210
9029391
6699263
7684902
8015751
8141876
8968303
8842870
9428073
10291304
6929530
8906663
9307041
9252521
8038036
6952576
10387554
7048037
8392040
9409271
9284165
9747452
7976479
7169737
6875560
9505766
9006094
8924354
8503255
7964130
8751959
8049789
9599441
6705762
9264624
6903171
7646085
6900710
7289517
9347814
9940519
6203294
9212710
8091452
8139264
9010679
7974199
9436151
8985574
8979638
7069794
9282217
9210883
9876525
9050813
8665526
9264047
10393097
8743344
9103500
8494740
8900045
8915001
9691864
9091321
6905721
9042272
8870582
8395777
9400630
9191227
9228301
8441472
9266170
7532780
7621637
8772822
7929175
9489664
9476354
9647137
9369425
10043800
9379795
9419268
10393321
9285467
9229669
6870004
8811667
9475988
9245798
7248769
7893647
9222266
8091430
6011074
7095181
9295143
9380879
8721805
8740041
9085184
9093576
7846518
7904316
7794218
8429973
9547470
8130030
9101208
9481959
8710677
9252789
9261642
7287176
8080573
8305083
8875183
8319948
9159957
9620954
9446738
10430934
7616715
6977007
9229575
7941140
9261164
10296008
7765246
9137545
9185336
10181396
9463546
8460538
9267939
9332337
7047553
7928185
9110042
8486524
9014893
7912302
9464548
8887738
9318348
7678737
7253245
8674381
7840808
8550017
6903641
8041548
9030100
10294803
8251408
8221170
9425028
10400644
9295053
10401813
9316390
9139684
9161397
10399225
9808237
6888354
9658128
6638257
7482306
8079921
8549358
9436858
6117005
9017407
9070517
8068003
9013345
9999575
9636559
8471793
9459921
7910548
7489117
9386062
9270421
8062198
9199975
6616868
9580459
9248793
8827423
9408155
7287580
8083722
9274254
9220301
9387655
7955406
9720341
9187452
6050816
6229291
9603063
8155261
8494347
9407021
7331932
7812094
8821715
10279419
10408826
6902010
9395323
9543120
9372363
9004825
9243301
9375710
9437316
9345136
9759996
9315633
7164244
9111037
6234220
9146704
8754722
9394585
9316711
8749857
9433360
8486532
9636403
9197507
9415596
8101186
9481407
7810172
8707953
8757518
7844412
7623038
5975734
7952099
8383556
5967355
9373125
9389288
9220539
8837954
9445952
9988261
9134323
8217134
7282263
9992242
7970000
9438788
8847448
9198548
9504966
6868835
10191878
9218034
8932939
7093527
7840338
9339529
9874961
9296037
9583643
6539921
10413888
10414459
9583643
8198412
9007448
7020650
9946162
9439323
8726649
7820397
7930036
9032522
7855089
9652955
9144294
8580644
8498533
7980359
10411838
8973778
8049857
7825091
7657306
7017148
9802422
10028737
9429721
8008747
10047171
9194682
10191689
6851389
9000274
9850490
7097485
6433379
9347509
8682596
6992902
7652863
9261759
6865197
9367408
9178018
9024236
8004907
9645272
8670817
6912983
7407609
9325736
7903401
9238081
6903937
7659494
9168112
7676786
8112479
8485665
9939406
6378183
9669216
7801690
7672005
8974406
7995305
9001032
8385544
6894634
9076649
6250084
9245268
7798951
8155429
9341239
8837884
8831557
7809321
7806085
9259381
9053385
7792773
9784596
8977285
7616181
9994706
9314299
7798071
10409154
9603996
9520172
9049327
9429101
7758557
8151717
9376341
9486755
6965737
9644655
6259475
9326958
9082346
6891098
9620133
8974175
8762661
7838233
9125621
6697046
8548366
8670174
8399231
8043631
9234047
7998314
9977514
10394531
7931937
9245562
9079429
8883395
9666210
10361103
8078857
7963995
9737484
9231271
9656603
9426475
8165979
7911383
9341800
8747780
7955259
9268443
9406272
7806934
7069812
8415917
9158309
8124644
6999408
9310826
9199431
9253092
7666870
7829411
8574080
7929804
10385525
7463879
7923377
9686944
6864382
8001309
9131354
9382460
8032634
9327630
9365137
8117648
9407915
8424787
8415649
6635591
9343717
9104447
6803779
8932720
7780852
7800159
8555558
9540845
9892511
7980735
9103081
9437601
6065256
9318144
6903172
8839130
7839633
8868495
8831453
9186590
7625209
8052237
9436194
9981857
8011409
8970113
7394209
9427996
6999380
9095655
9335996
7798229
9863406
9478226
6856391
7912135
8634674
9365754
9005289
9439329
9458993
7763646
8922846
8547227
8967825
8987715
9398242
7965992
9926148
9390111
8560732
8717727
9299946
9436726
10413250
7747021
9835035
8961098
9123317
9999379
7338805
8472136
8067260
9401432
7803900
9445415
9950318
9143144
9415151
6909973
9426067
9274214
6991996
7622596
9401499
9661115
7945157
8052841
9281731
9271114
9406374
7964355
8439522
7665009
7310939
6869079
7922647
8070032
7082233
9893921
8954502
10414979
9348104
9210343
8736495
8034385
9245693
9247819
10432952
8165008
8256742
10193939
7749059
7801174
9390825
10010904
9196890
6367450
9654594
6759858
9489650
8968596
6366891
7964468
9756253
9501581
9352218
6883495
9043210
9270019
6987834
9891671
10434025
8998460
6639485
7918616
7938177
8799107
9858374
9189210
9321249
10236989
9151846
8057142
9091055
7046818
9070542
6901687
7842191
7059275
9687552
9427064
10250242
6913697
8745465
7616794
8107576
7994113
10311878
6007500
9394847
7016948
8551312
9389383
8355072
8867577
7491177
9268452
9144321
8931871
9314632
9141103
9250310
9878308
9211854
9256542
9893958
6991195
9212810
6303522
9085344
9198973
8447976
8950087
7868550
7430931
8303380
8004206
6943916
9043911
8463900
9135906
9812776
6883641
9777351
9347437
9297344
10410827
7935868
9311480
10246473
9652252
8732892
10416703
9896566
8271849
8617739
7073896
9267976
7286743
6904264
8622610
9842718
7614437
9257716
9341803
7045542
9897739
6993198
8384720
7669055
9985418
9173753
6893125
9256389
7262045
7825203
9100841
9013068
9409349
8145180
9082044
9319184
8830274
9447014
7034875
10439813
9656206
8839550
9003688
7790119
9098504
10442380
8117914
9124572
8135928
10440416
10190463
9251021
10364969
9899606
7599407
10006392
7840414
8005233
9020089
9189175
7965250
9484716
8479448
9404383
8783805
10271525
8486989
8541648
9044709
7981299
10241157
9024461
9341441
7750667
9349526
7747480
8008474
9297576
9721733
6228855
8428718
9882645
9252891
8024330
8747828
6955432
9090119
6907413
9148618
9157686
8658903
8727424
7406355
9217101
8934871
7928566
9337550
9462295
8003827
9242239
9159763
8020291
7987800
9756514
9416282
9439235
6771954
9800473
9460331
9372947
9415472
8745230
6883323
9192089
9747552
9549258
6664370
9419012
7921563
9643654
7748290
7829413
9241959
8108383
9203513
9416274
8429832
6583402
9078988
7954484
9373178
6926612
8736238
8820204
9221376
9487275
6978206
9258601
8595910
6890285
9756587
9262292
7973716
8465805
8256605
8165260
9505301
9317327
7164244
7925541
9408445
9091951
9162170
9141868
6911570
9320794
9341953
9620913
8080376
8847672
6011205
7085178
8991166
9091804
7973301
7879251
6988649
9176405
9069153
7290726
9320152
9234705
9220103
9989147
9323939
9349838
7929364
9246049
9637630
8507789
9892579
9213848
8934538
9254443
7801135
6948178
8038791
7286537
8070687
10441370
9227407
9407561
9143413
7926653
9645688
8974519
8093676
9109618
9894299
8023577
9856548
7439983
6270763
9894624
9267022
9825634
6622715
9868665
8969008
9216842
9224880
9236058
8485414
9420086
7958108
9167495
8872428
9297426
9474736
7017187
9091579
9697854
9271303
9830370
9989312
7377686
7147583
6940829
9536858
7685008
9218592
7923137
9404323
6261061
9805313
9348283
9219910
9710650
8677986
7963533
9771916
9337109
7850165
6005161
7908741
8355367
8414427
9253472
9369002
6055910
9484224
9455001
8831086
9201054
9717580
7969591
9164595
9483554
9895597
8683978
9447179
9996826
7923838
7341742
8462928
9254805
9418193
7285837
7900507
8142033
9172616
9893713
8048954
7932732
8351507
8171372
9627084
7054567
7054328
9457779
6930536
9836231
8996022
9006664
9100695
7068351
7459403
9093011
9449947
7624669
8968574
8974168
9160993
7606846
7946695
9256577
9137731
7906460
9612558
6890360
10021303
8959405
9274875
9188911
9828641
6983038
9766001
6260169
7110792
9120250
9034617
9139796
8932345
7945436
9843420
8844944
9295020
9355335
9368825
8049427
8106137
8857256
9372506
8479164
9765463
6965780
9178596
9998710
6697193
7621563
6699433
7892559
8828830
6318212
9080893
7807108
7950346
9392242
7900445
8875065
8353486
8253694
8158611
8889530
7618960
7655917
9268524
7614940
7967501
8165686
8872262
8356260
9171802
9654158
6991484
8233433
7828148
6898516
7918605
9652354
8606052
9462621
8884432
7826034
9220301
9612007
7936356
8989724
9373590
9089689
8629369
9271377
6781553
9308772
8919486
9347079
9333690
8427483
9801914
9732653
9369645
7646061
9412045
7959824
9459063
8090715
9760781
8015101
8550436
7928841
9061006
7968417
9266661
7440115
9044949
6929242
7922872
9894113
7798775
8866382
8238702
8217134
9905080
8992374
9936267
7761897
7958969
9236829
9386858
8770276
9865487
7513011
8791007
9281935
6998280
9250525
9802014
9338698
9349937
8235337
9245511
8303601
8666850
7983094
6504212
9075380
9006231
7825067
9741563
10322452
9387985
9394273
7948249
9887407
9644495
7934971
9424021
9220334
9203449
8751744
9091293
8977809
9099458
9252907
9022737
7910618
7491804
9246537
7946375
9244260
9102522
9375545
8731775
9148626
8744141
9099258
6949406
9293926
10328135
9140533
9090305
7994983
9085368
8956444
9010245
9999545
9078105
7841009
9284272
9353705
7245397
6996244
9001588
9145744
7672005
9259400
8254558
7970920
8555406
7085042
8550580
8965125
9622057
9333483
7955418
8630197
8863529
6986576
9806189
7983067
9422349
7913892
7657900
8865551
9127618
8872269
8498216
9202045
9421643
9232528
7838552
9864506
9142339
9248422
9022353
8837810
7624264
8173076
9409899
10382721
9420111
7811725
9436992
9105519
9168079
9349327
8975284
7034613
9328211
9927781
7655119
9052597
9265820
9159056
8746465
9146906
8844355
8537724
6994391
10374562
7902651
9335356
8106088
9421719
6315988
9079294
9718110
6948335
7747781
7851543
9447829
9121082
9090098
7903041
8821715
9460161
7998075
8792460
9023821
9978606
7032317
8003281
6623700
6965248
7527497
7325575
8746233
7295823
9403490
8969010
7636134
9120593
8437977
7033347
9417121
7613703
8444398
9958605
9598570
7943777
6856034
7788942
9599351
9005283
9659325
10052115
9648613
9394137
8847084
10237431
9093072
9153670
8440399
7253145
9745017
9239011
9076206
6864122
7561868
9258001
9187605
9610595
7398046
8842226
6223827
9245306
8309997
9145288
8036468
9970952
9287851
9439986
8837643
6622977
9885451
6994332
9673971
9777696
9251690
9886512
9426784
9127092
8252981
7916743
7969101
7931428
8779480
7951222
8049299
9266153
9255698
7380484
9411886
9310701
8131043
8797011
6349017
6944078
7009138
9504069
9646779
9953054
9134981
7317912
9459824
9504937
9333761
7819676
9253249
7969708
7840469
6892857
7103041
7894799
9136983
8943111
9634585
8069333
9940604
8885668
9432517
8632826
9214034
9811051
7962336
7999023
9340291
9063348
9146498
7965004
7933895
9337162
9296853
8153325
9435785
8986023
8254884
9169343
8751434
9539342
9253910
9192631
6946283
9936267
9256842
8015395
9667059
6508337
9804528
9431509
9333953
9455989
9048975
9315085
8069309
10439923
7947953
7977765
7759686
7532102
8912937
9289448
9138206
7595276
9243869
7252445
6599741
9230860
10282123
8381371
8057879
7972035
9070713
8874994
9196376
9267294
9138693
7990414
8754878
9458996
8471972
6305760
8252224
9199264
10275294
6875117
9220404
9469857
6625048
9888844
9141163
9295437
7028418
9202773
9045055
9380879
9928248
9198301
9989737
9054665
8599776
9456929
9418824
8998905
9499945
10436608
7965954
8037519
9421449
9474512
8027647
6940163
8432411
9006638
9265576
9363806
7583777
9765789
7032939
8436346
6945927
8868162
8818323
9863396
9244391
9266118
9079415
9268088
8933402
7959807
6114723
9336275
8820438
8681960
9765044
8424301
6940352
10423637
7812414
9428644
9613757
8024074
7282276
9151453
7962884
6959844
9271247
9731452
8489498
8771308
6885118
8473149
9220215
8103247
7621428
9474815
8829372
9155522
8982269
6902611
9347452
9250112
9218275
7459950
9338200
9994365
8933588
10394594
9766439
7935096
7511969
8026913
9083957
10285644
8503355
9504452
6663116
8938570
9245997
8134796
7626143
8863534
6673466
7101711
8121086
6942468
8072645
9189002
9298723
9023810
6944183
8499389
7937422
6948174
9666470
8097946
9268159
9808088
8635501
7681799
8291993
9122934
9224932
8976362
8501266
9189597
8488581
9294017
7269302
7067521
8372868
6172539
8447069
9432692
9485715
7084755
7839898
6622791
10295649
7941444
9833278
8989416
9292869
9401526
9437960
7973165
9155537
9094922
7925191
9043543
6988274
7286960
7802478
8497328
6924092
8507018
8078857
9888825
9817251
9258801
8925273
8937753
6946772
9372361
9022335
7851747
7706640
7838305
8933947
8937804
8019431
8281149
7964045
9069664
9829944
9438440
7899414
10042565
7838813
9132556
8449536
9002608
9136214
8233298
7839331
9267220
9437366
8485944
9006104
7273372
8502894
8602029
10443859
9354128
7747369
7645198
7851700
6984546
8344337
8015101
9092916
8757056
9055325
9594714
6932357
7664294
8943171
9412983
9387955
7749177
7067790
7644694
7274707
8903467
8079629
9220709
9102750
8518419
9830711
9372196
8863015
7923026
7944941
9090192
9300321
6591447
9407222
7298062
9136871
7926582
8148881
8555548
8873454
8502719
7927461
7380484
10412346
8020180
9836690
6350727
6290961
9086296
9304595
9462771
8002555
8942979
8642597
8036815
9269310
6791343
7899736
9894015
9029091
8923183
9083275
9261395
7001608
8713465
9096888
7654019
9386524
8185928
9492689
9656199
9402685
9255591
7927966
6893169
8943162
9298592
7927126
8056385
6934478
10400611
10414992
8931065
9269592
7794822
7045708
9273325
8156592
7851193
7834065
8258875
9668334
5981345
9253006
9012947
9232229
6626005
9853102
7685404
9412764
6887076
8219646
7992333
9428835
9251024
9254280
8600115
9053753
6616888
7751350
9099145
7966681
6866399
7042118
7933608
7595512
9247026
9119900
8461746
9306529
9755710
9458609
8106778
10292560
9293273
9263778
7291015
6317959
9232119
9154134
8431083
7435110
7485685
8548654
6793922
9428291
7293087
8640154
9045563
7915525
9361998
7972619
8563400
9133808
6578695
9180880
9866911
9264471
9281702
7839184
9122183
8798978
9281444
7076469
6938205
7949217
7935853
9217305
6966250
9299390
8513508
8701521
8855817
7964414
8724860
9412352
6916982
9638974
8994069
9414398
8363483
9312840
7921215
8905048
9868707
9660591
7950604
6867415
9148128
10362949
6671710
6942269
8977910
8038440
9826595
8777305
7643274
9065177
9114499
9268584
8873440
9296303
9128950
8607568
9325887
8758641
10396012
7357924
9091257
6879065
6675354
9347811
7959213
7603604
6350535
8011244
9195996
9830089
8001796
8792936
9942912
8497646
8116606
7665819
9295526
6999068
9142673
9142619
7285767
9439354
9158979
9036142
7883584
9272703
9231006
9549254
8771428
9266535
9018017
9406592
7768248
6223117
8988852
8703091
7674502
9900991
9876080
9038377
6897575
7803206
9727470
6387579
8363976
7901984
9442491
7021053
9078490
9682768
9230978
7840449
9192678
6622743
8105259
9273083
8044769
9046998
7309566
9251411
6304116
9248016
8437271
8062641
9925899
8888444
9456282
8952610
8956296
9442242
8640298
9221004
9936863
7377321
10300190
8391169
8909911
9871656
7669886
9272001
8587942
9058251
8058710
9030338
9200880
10010806
9097969
9136635
9555597
7832550
7946721
9268225
9747485
6007193
9903906
9437908
9273097
6306059
9104068
9926487
7799263
9413405
9150108
9292844
9893791
9334743
7745598
9445165
9098415
8708529
8809807
7624560
8552896
9434976
6872859
9769455
9418624
9133142
7894935
9309644
10396524
6667231
8014455
9417202
7970033
8940731
6504260
7928448
10023483
9417570
9404251
9556889
8961923
8107304
9766020
7812670
9390962
9221376
8145981
9321347
6503609
9629198
10179864
9328535
9236634
9401716
6268861
6665485
9815182
9520128
9658160
8742012
8192940
9645751
9435038
9237442
9272880
9128918
9936454
7956137
9033966
9265035
9264421
9061099
8929295
9349272
9567243
8111943
9352793
7005333
9376138
7332219
9272814
9534507
9985054
8183941
9483893
9953889
6174448
8982555
8144346
6940588
9627067
8410546
6696582
9267598
6915233
9993657
8919830
6317563
9163587
9103467
9376717
9168039
9876787
9984067
8948099
7954196
8003129
8873725
8996539
6357603
9428671
7955437
6861540
9877587
9098448
9365205
8920862
8051114
9294335
8631327
8447442
8502569
9332850
8979585
9274154
8243134
9348283
9152652
7263788
10178086
9445112
9247257
7657826
9098633
8845828
10015926
10268016
7928561
8918443
6946126
8727628
9212145
9132247
8197435
8964607
9090564
8074156
9938927
9732122
7966166
7657155
8040222
9401732
8072338
9445676
6947938
9375122
8546172
9930504
6992285
8216849
9540819
9766357
8551438
8037311
9401735
8486486
7762641
6892640
9460864
10003798
9252507
8968029
9477748
9293821
9087170
9256831
9352362
9253951
7317912
9804320
9127052
8778386
7632039
8466228
9229259
9488902
7101160
10328256
7936152
9229328
9008282
9101699
7296858
6868665
9535912
9037017
9392766
7820465
9420517
9270951
9138874
8859618
8729479
8444904
9350151
9247926
7774380
8112467
9806418
7962140
8011309
7931090
8081296
9075251
9168090
7646260
9245585
8329615
9203164
7300480
9054878
9034773
8008120
9470663
6864618
10276590
9173276
6964880
9074404
9385527
7286806
9266394
8005939
8258903
8443707
9052007
8779292
9254809
6304116
7967081
8460473
9096408
8906520
9331222
9280992
8477566
9540081
7084518
6879290
9227662
7880536
9879528
7621083
8988934
8750491
9590828
7289024
7288598
9416276
9220369
8079644
8960909
9405881
6624766
8503412
9062815
8447485
9611878
7978758
7752654
10183886
8641496
9234542
9148227
8060475
9197407
6932752
9910049
8131125
8888565
7446763
8498356
8027846
8868853
9688388
9870093
6890691
9558194
8539079
6911987
7962411
8443773
9286792
9610595
9337813
5955173
7919388
8959324
8942404
10416580
9220989
8026544
10416688
8015186
7027792
8447805
9067991
10268988
9192342
9417857
9160896
7917781
7823521
10237183
8110498
8527134
7281513
10298458
9401871
9422234
8526438
8210693
8869264
8755832
10000132
9231745
9420824
9646715
9432393
8737682
9408660
8012104
7621491
9745468
9460760
9247062
9937302
8008094
9267469
8817915
7883196
7816662
6200137
6884130
7551604
7890985
9371981
7573446
9270901
7960562
7402122
8068323
6807942
8386712
9294300
9423562
8155210
8355993
9827159
7096881
6874538
8877307
9602108
8968580
7237474
9271357
9270141
9345943
9269158
9826218
9216575
9247212
7560270
9872162
9005427
8642417
7807649
9258491
8703958
7948857
9213680
7604224
10020325
8418200
9004182
9724911
7006150
9203880
6918480
9266112
7814742
6504310
9071481
7950225
8116817
8548415
8827119
8946936
9563353
7983793
6982879
7800902
6909000
7275305
9291236
9957643
8741008
9370146
8720162
10287334
6976480
9196367
9189605
9264843
7017524
8863842
6887157
7921512
9995724
9897356
9470769
7930279
9983255
6589720
9245053
9005139
7815304
9222564
9070433
7704337
9460747
9653727
7915507
10083161
7941559
9674018
9940748
8914109
9145397
6956661
7253018
7045555
10283417
9762767
9046837
8495439
9330747
9139971
9473279
9617179
10285390
6564929
10203898
8556003
8520063
8219646
9438929
9537247
8975960
9045764
8796352
9293235
8739376
10404871
9304196
9146535
9257550
9272530
9337056
8029823
9710650
7811634
7902834
8091396
9408770
7600124
8041816
10210899
9006135
7628233
9874070
10215116
9423469
8998730
7082437
9245378
9327728
8010444
9006811
9441096
9189429
7953461
9203127
9362611
7795371
9083573
9709387
9161092
10276933
8867610
7734102
9388521
6991137
9152289
7891612
8668404
9000364
9094049
9263927
9201302
10420035
8842332
9310982
8779292
9217879
7617046
10200263
9612007
8509583
7683450
7923716
6922471
9231357
9090693
7464201
9267898
8471547
9330225
7622776
9887842
7904458
8807250
9426802
7771718
9462245
7632320
9218941
9834244
6881430
9811526
9622757
9416022
8795856
6945324
9004439
9020550
9341186
6225028
10190360
8372496
9243749
8838964
7950375
7799243
8982710
6921433
8028595
7930040
9470532
10003837
8092477
10294977
9748259
9401780
8703353
9983689
8034387
10395291
9264543
7681974
6866538
9360174
9437323
8659881
8007275
9299863
9326270
7940818
9047293
7938510
8219850
7130117
8014078
9402249
8732793
9390775
9626885
8507408
9210515
7622645
9760133
8749816
8030441
9130701
7615800
9295577
8907282
9208373
8430356
9266176
9290340
8759836
7799518
8934706
6216894
9236039
9307300
9201445
9891320
9231102
6941100
9128991
8635081
9048901
9090759
8137646
9194621
8420064
9432517
9458012
7439706
9317815
9050917
9799606
9539682
6902817
8065570
8638287
9090438
7797037
10389660
9301459
9179033
9755065
9383927
10288322
8724748
9084505
8491538
7269879
7921354
9427461
8478780
8732853
9077815
7665828
6939723
7799837
8977331
9038403
9895809
9077476
9158979
8248387
9103129
7478688
8946829
9457719
7965163
9822895
8959986
6891906
9405830
8966291
7607566
8006379
8903922
7336882
10414989
9195605
9755425
8622447
9389322
6556012
9350851
9414061
9155152
8106185
6914995
8946827
7936229
9348482
8934014
8754330
6516046
6170920
10303405
8362579
8879002
7621546
6936852
8443645
7930463
6834365
8907142
9376755
9141441
10425989
8971597
9054465
9554229
9091440
9163289
9091321
10237721
6336712
8938848
9192982
9157482
7555183
8983642
6987323
6696691
9432835
8142981
8025380
9372557
8115628
6866380
7621226
9313567
10432322
8047033
8006893
9539927
7802267
9372053
8970343
8732452
7840566
9153198
7940493
8948119
8130037
9045105
7957256
7851542
8783755
8419525
9203812
8329699
9223757
9102696
6522580
8889008
7305316
8756568
6695086
9262569
7999826
9462048
10389937
9229144
7845986
10450756
9198973
9228711
8978474
9143897
6979022
7955857
6325782
9339260
8256576
9437033
7514409
7949275
9269291
9022560
9273325
9263835
7910138
9227869
9269310
7745198
9264227
6614409
9873421
9037392
9438421
8950231
8436558
8019379
7407506
7614813
8966513
8778240
7902460
9410742
9251145
9255562
9185638
9233136
9425544
9600241
9240564
7665402
9082151
9154107
9993953
8874560
9213466
8971597
9886927
6947204
7801215
8166814
9392372
9647105
9379634
9489178
8350481
10036002
7794219
8925620
6228153
9436888
8939685
9336118
7950319
8396954
7973513
7797241
9011372
9423999
8585592
6139954
8715327
9019294
9225915
10399217
9047417
9406803
8336603
9215965
6878528
7810972
8931876
6671183
8635501
7747144
8891308
7951660
9343472
8903005
8823443
7976210
8480521
9385969
8736576
10007399
8543128
9234897
7800496
8891795
9005138
8816172
8837484
9348265
9473901
7798446
8018719
9645896
6171431
9219362
7449013
9357046
9669937
9328287
9192250
8080097
8585151
9387714
9535830
10443864
8111728
7588597
9414151
10215071
8997150
9321710
7624873
8024186
9940731
9382785
9074235
7817459
7298014
9959407
7107832
8362110
7906445
9004895
9655351
8154071
8646366
9293187
9405361
8067260
7916949
8167546
6957285
6882731
9135881
7747741
7034972
9439395
7799741
9295478
9413702
9836693
8808427
7046516
8054202
8778168
8310945
8165686
8998584
7665276
7798077
9873917
7685684
8075128
9268655
9878573
6224360
9265542
9262599
9291950
7941039
9282575
9979772
7337602
8933081
9152162
9041001
9252672
9375199
7489367
8560863
9792901
7921137
8700927
9101980
8031975
8151808
9327915
7623449
10440350
7948112
9555375
10276700
9945918
9241777
9266801
9619148
8486524
8601345
8713199
10238527
9439691
8131329
9321242
9013032
9623032
9102330
9299316
8869016
8504849
7636054
8480424
7046587
8512914
6858133
8099621
9144603
9407915
7201214
9430746
9452210
10207715
6940480
8081079
9856526
9262060
8067522
9780644
6990279
8115678
6340939
9893373
9002651
9009972
8477960
9247947
9460184
10043738
6908482
9267289
9439446
9252000
6202408
9255408
6888506
8004593
8433744
9729405
8151484
8184824
6395603
6985110
9110347
9083769
8368946
9178426
6905049
8222121
8971000
9048057
7942957
9187797
9385469
9099445
8721533
10191898
7758425
6912037
8358165
6880341
7296770
6670889
8002668
8249542
6978861
8044883
7664423
9418315
9218030
7791528
7516566
7946874
6611562
7970179
9078404
9957870
8730852
7851700
9348646
7522331
7399577
9861525
7900507
6774255
9054754
9187558
10400074
6867651
9399604
9002609
9342075
9211320
6530414
9322597
9325371
9445259
7521998
8009676
9182424
10443161
8895050
9862849
7908449
7571552
10052640
7421373
7903572
9122314
9707479
9874854
9983833
9193707
9340652
9220434
9208101
8634066
7214873
8503561
9950318
9235936
7928570
8523057
8906415
7232961
6989671
8480424
7992717
6776411
8725586
8747792
8113990
7937612
9163681
9429053
9624163
9149390
10030239
8240180
6624590
9627774
8136406
9055002
9894195
9023301
9329217
9340412
8968447
7562120
7245226
9955243
9221090
9142187
9255892
9758707
9219696
8166965
9892932
7639580
8926045
9339781
7971962
6291144
9153271
9267973
7799635
8297178
8027503
6939885
9207355
7930054
9142673
8926067
8268927
6622611
9447956
8012986
9268548
9354212
8700255
9279841
6883260
7711696
7747240
9137112
8615859
9256143
9388645
9693724
9542045
8932723
7876473
8786095
8816129
8968601
8072753
10283327
7828942
9046335
8540689
8924242
10413998
7260255
7056430
9365426
7921593
9732193
7879510
7022363
8975072
8013595
9373484
8709750
8116307
6627034
6795514
9440824
9677305
8130030
9849532
9636403
6502158
9285305
10028091
8843971
9253467
7817467
9439323
9368066
7621877
7761865
9178646
9459629
8548127
9413079
9566571
9388812
9438809
9221392
6219927
6990147
9135026
9403500
9057793
10461509
6774582
9437288
9198625
6308096
6116720
9350087
7746184
7994045
8106245
8745902
9912013
9428797
6516816
9003685
9463470
8500617
8866861
6170463
7970713
10285625
9990440
6161109
9856756
9345661
9292625
9271951
6306106
9066611
8503135
9828825
9074811
7635024
6900219
8920130
9130210
7305060
8968274
9474403
8004620
8442616
7901881
9202420
8121029
7278013
9463828
9322478
8114067
9756455
8992239
9382567
7640477
8751112
9221225
9862923
7331156
9806087
10397788
6996915
9245773
7007222
9369122
9477169
7109388
8493885
9263436
6307308
7711860
8572969
9479952
9283070
6012629
8463108
9527480
9865083
9819664
8890999
9385566
9882096
7092442
9393369
7745506
8757439
6615974
8634983
9258851
8699337
7999556
9900025
6889996
9290948
9256100
7291522
9075120
9150534
8173624
7800691
9483419
9477578
6339942
7932276
9868038
7935713
9269481
8920814
8905088
8741584
9371642
7769683
6889726
8756514
8853540
7994239
9219987
9834689
6861316
7716864
7831299
8970376
8837927
6954021
8650536
9265472
9139790
9324589
6384784
7959839
6597652
8977474
7900349
9386404
8979887
9744090
8705592
9454946
8087834
9203965
8864363
9078603
8037584
7228670
8866057
8495795
8260236
9324252
7903870
9638093
7073902
9308986
8738781
8358930
9083893
9205205
9230697
9989422
7011534
9033343
7904437
7066115
9952407
8540673
9201801
9240526
9804349
6866394
9253941
6940889
9648659
9429073
7928591
8376133
6990441
8465315
8258875
8445956
7960666
9001867
9251107
7051992
7942295
9077695
9737078
9360369
7830511
9480694
9478150
9006909
9112324
9879660
9382277
8961889
7953403
9475023
9061230
9219148
6940765
6115546
9084833
9178105
9331508
8291500
8933774
8002129
8920353
9374663
8070059
9987188
9955276
10086577
10050236
8743237
7838641
8541889
9010214
9185290
8492590
9273340
7825667
9888844
7295253
9425418
9345048
9222584
9639539
6877451
7277637
9034868
7802006
7938754
8312161
9420556
9805150
7456499
7980425
9368672
7434195
7340915
9376474
9545007
9294574
6171475
6993879
9901897
6707177
9411130
10173120
8090523
8137846
6590937
7966693
8474978
8986368
9390714
9393054
10043157
10285959
9033103
7747673
6890942
8918996
9190085
7784370
9473212
8655482
9380895
8716503
9282271
8750335
9229071
7823105
8630440
8670617
9412404
6700070
7276778
9051796
8732344
6884781
7393897
8753273
9417599
9047386
9330442
9265824
7444990
7804835
9865690
10359080
8859692
9274273
9341619
10461026
9127729
9418210
9372072
9769823
9743593
7680322
8686690
9726847
9368354
9862502
8755075
8876559
8569831
8030476
7017389
9254711
9373011
9315477
9375896
9935201
7806151
7804380
9138939
7048544
10381836
9372182
7907241
6891285
7633135
9031986
8061589
10068518
9869315
6320661
7047193
9875606
9275949
6880251
6347645
8831126
9277355
9331045
8934223
9170084
6940060
7929431
7962981
10238694
8773789
9010492
7896617
7926231
9262223
6305911
7921475
9486927
9182112
7928242
6892748
9814684
6119193
7657900
8036802
6596910
9264586
8745048
8741813
6878640
7758769
8947286
9595350
7890678
6666072
8124067
9221552
7487766
8978418
7297343
9271915
9002997
7744042
6952989
10048483
10279419
10401609
8099785
9375411
8157479
6251849
8081263
9117914
8440944
9401499
7403439
8705663
8696818
9812781
8818731
7942553
9336045
8207480
8604976
7998374
9281441
7019044
9266616
7852748
9425218
9887985
7488123
9484155
9484000
9899606
9237664
9760489
9173794
9889611
9354415
9439164
9865579
8833124
6857270
10361261
7644672
8864212
9250703
9800682
9394065
9399596
9135598
6888861
6884204
9662626
8970113
7672175
7268162
7130117
9874905
9367595
7643263
10413450
8946296
9042654
9098755
7906511
6816515
8717230
9384768
9069316
8965824
10393323
9274114
9929813
8559153
7928457
9753145
9274453
8506968
9323890
7762394
8826390
8931209
9295599
8522957
9455105
8254556
7924106
8440262
9778188
9258267
9234048
10219819
6765237
7959633
8048033
8107587
7644194
7948160
8181724
8105581
9377377
9032548
10432235
8329120
9087836
9458012
7053118
9333633
9055013
9022359
7615990
6877235
9257489
7526357
9384185
8864794
6889953
6915546
8005629
9140350
8912210
10051876
9292272
7522746
9252661
8881036
9085056
8833760
8833194
9031540
9042443
8976208
9402431
9291099
9436840
9167494
7643277
7932261
9021553
7268943
9598261
10412412
8724275
9484951
10439643
9149848
7807725
8635695
8499571
9930865
8506968
9245530
6449383
6506067
8495046
8938286
8540857
8021629
7916228
6383290
9218064
9793262
10413325
8706745
9332347
9938462
9588964
9405989
9120243
7243401
9228721
8488795
9117292
8970043
9065090
10394321
9271215
6216310
7930397
8921707
9261149
7219007
6899421
8901444
9411048
7619085
6349620
9219806
10416642
8014256
9377897
7489141
9374722
9219876
7948948
9892448
9638866
7620146
7825549
10234728
9287345
9302968
8851042
6880798
9754054
9094999
7748144
9849950
9100836
7320823
9330202
9094981
9806162
8745466
8868006
9059216
9372557
8426903
9884956
9429716
7394501
8151348
9338937
9544235
8900821
9047215
7053108
8292366
7839528
6308311
6909634
9940874
7939341
9227869
9082167
9170647
7790029
7485885
9196598
9447431
7936858
9187074
9302247
8768997
9248310
6977157
8068249
9806078
6356616
8741085
9033923
9058365
9209724
9255262
8468598
7828803
8007084
9259351
9530366
9202794
9097628
9753145
8488280
9128323
7794253
9027858
8974371
9688425
10373547
8038385
9250108
9653393
9217758
8924664
9180167
7792105
9310806
9352238
9258388
9237711
9229900
9136549
8443820
9035834
6986648
9022671
9600036
9999589
8192621
9334596
8994735
7874219
8725929
8663744
7835945
9185786
7742807
8191558
9175710
8008036
7975314
9148207
9268622
9200190
9000582
9041907
9082479
9864436
7760282
9248307
9246861
7803488
8443933
7835079
6888944
9131216
9541057
9125136
8145914
9061400
8980286
9832044
8998357
9373538
8597603
9894280
8085402
9292306
10414703
9471062
8963586
6840554
9225273
9490006
8334483
7633853
9022599
9075206
8377974
8968223
9194470
9347409
9094813
9888386
7837204
8271655
9035417
9281708
6840626
8032658
7305316
7057255
8540683
9307735
9191199
9146165
6386451
6638122
9428491
9207111
9024366
9405446
6940102
6665771
9377626
6990049
8147910
9161577
6026985
9112608
9136513
8191257
8013462
9460605
8218692
9370433
6004356
7758757
8502306
10001093
9538756
8000511
8000292
8837481
10329889
7482318
7621527
9371423
9265930
8546151
7394076
8006366
9412417
9950580
9948447
9034906
9910036
8573104
8574426
8550007
7007434
10252269
10285628
8047755
9470646
9398385
6942239
9862508
7949096
9427313
9089484
7806010
9005289
8741725
7834035
8005478
9945906
8872410
9941454
7396014
8665141
9254979
9874113
8649290
8131149
7586109
8146923
7621978
8975870
7621059
8255565
7929339
8160691
7821548
9648797
8336950
9150911
10266910
8974375
8357750
9956614
8471005
9147196
9383083
9264952
9541124
7244271
8618327
6939166
9031644
6174689
9103129
6219324
9269832
9544277
6887541
8021171
8497179
5971121
8139815
7900502
9020353
7954819
9421605
9411431
7249053
10206209
8428742
7068902
6697805
7644345
6931954
6232005
7980414
7976841
7363523
9669490
7814190
8155076
9331975
9818516
9849918
9368142
10237183
8027353
8790953
7715510
7750999
8506418
9172614
9431079
10360158
9372168
8153324
6719332
6858354
9105284
9246649
9889879
8198200
9252819
10115908
9253348
9375383
9060775
6481252
10396610
9548729
9940966
8277457
9017155
7590456
8436926
8350213
8932042
9273147
7436481
8982269
10205586
9051067
9660216
6258264
7708355
9244023
6564977
6694404
9368607
7925054
9021562
8499238
7930254
7794251
9070619
6688212
9056801
9897718
7071057
7940659
10408361
9430907
8116303
7269437
8830430
9146535
9200006
6958613
9558763
8424064
9386781
8978546
6977383
8383226
9340772
9256947
9153754
6776411
7958615
8406335
6488569
10191948
9437148
9254839
9945053
8450781
8426601
9756892
7949784
7792815
8320130
7047622
9504069
10047216
6672973
8616839
9332235
9447278
8720162
9047503
8534668
6678752
8756505
9357271
9332124
8841461
9156474
10288052
8145302
8686099
8192760
9294533
7766040
8033810
7994588
9829909
7612626
9648601
9196342
9001728
9293700
8731431
9210908
9037728
9199746
8105666
7897713
8061419
9954567
9875982
9189402
7942890
9270118
7009540
7925220
9402008
9781003
7670407
6577805
8952442
8218767
7341310
9339777
8727989
9159869
8703159
9375066
9330484
8395670
6989472
6962531
8171504
9865818
9744518
7334224
8759968
9407147
9042276
8908700
8241483
9610837
9294307
9817513
9372348
8753021
10209946
8507018
10005080
9083548
8904931
8029848
9424900
8834243
7995967
9029778
7337088
9720788
8378672
6415698
9426091
7961326
8791983
8436363
7965047
6969515
7281128
7942004
8218381
8724275
7107699
9815033
9950625
9238521
6530685
8240049
6401752
9178025
9807336
7256549
8095612
8433249
8998557
8998207
7636005
6903168
7794146
9267288
8986368
8792521
9387800
9294932
9342570
6694324
8698694
9260482
8297325
9077146
8759975
8165777
9626996
7836117
9417109
10438927
9349845
8497849
7798733
7900099
9144216
8935352
9385684
8033058
9106581
7929743
9375710
7908969
7929271
8956736
8978361
9383125
9541415
8739140
9144274
10424627
8179032
8101157
9389124
6939299
7573441
6220498
8059349
7620145
6802693
9657067
8482549
9448025
10280904
9918476
8003764
9385306
9298836
9879598
9072315
8926849
10413427
7935035
9409889
7840680
8680201
8813416
6005572
9181277
10450349
9662348
8476719
8714099
8907051
9806087
8889325
7948707
7021735
6924991
6162759
8991532
9234502
7760112
9432363
7794478
9177959
9079115
10277620
9937981
9084657
8870283
9325091
7071083
9102339
9295018
9136686
7771513
9340813
8965129
8822880
9252999
9260884
9236455
7043502
9245963
8080162
7956099
9223402
8942461
6507844
7940983
8618510
10290939
7831968
9064794
8666555
9310774
6318435
8736203
7405784
9454465
8948361
7469333
9762353
7049712
10417342
7869010
8868058
9046357
8235578
8872863
7066927
8422604
8127212
8475797
6990236
7894799
8490072
7820049
9416693
8252311
9370884
9484919
7270307
9570096
9825149
9879586
7963026
9177912
9434960
9273151
6941823
9260332
7032936
9065115
10327452
10424769
9779440
8960186
8136461
7582454
9622270
9012623
9268390
9232311
9191107
9949894
9250584
9782976
8508840
9892524
9297062
7840642
6950181
6935501
9070522
8577827
9883871
9255083
7966369
8667452
6940194
9028487
8332387
9077974
8740073
9017289
6932622
8431308
8870817
8397091
9405584
8974265
9903188
7974620
9861529
9879731
9826760
7560820
9901483
7980582
9166234
9048823
9020296
9421692
9408017
7674738
9415685
7085006
7930481
8889948
10431965
8149125
7300415
9095462
6941610
7357861
9862098
9260376
8740392
9219011
9118678
9807449
8011957
7618469
8789257
9652451
9865275
10427430
7981588
9261664
9900191
6841133
9467170
7965386
8629369
9261226
7812147
9836537
8968900
9329812
9256938
6943121
8480046
6313119
7918763
9859389
7907361
9361252
10292659
9481468
8350481
9308786
9410715
9859133
9475744
9309681
10419677
8025632
9040544
9396843
7982739
9216723
8977518
8061634
8007876
8545825
7960692
10392290
9813361
9372007
8705454
8986404
9451074
6291381
8676929
9080990
9682097
9075998
8442263
9030220
9470795
9203079
8993139
9208068
9864143
7749813
9332204
9054989
9447431
9252823
9087534
9237193
9257238
9418824
8272204
9763426
9337122
8447033
8885723
10412772
7633805
8718121
9181875
8977498
8721533
9059495
9085866
9463844
9802489
10437074
7592773
7966727
8747379
6290892
9267847
8105230
9764170
8970376
9023760
8756730
9318746
9843420
10445125
9269218
6905954
9293331
9269188
9387917
9670936
7604547
9831687
9259496
8151823
8441637
9830552
7675084
7308362
7805650
9053641
9329131
8443887
7481524
9547978
6425139
7946318
9986108
6945371
8743340
8031289
9770620
9193762
6117366
8021757
9225051
7938009
7284213
9630281
6901205
9740991
9293815
9953253
8550175
9282271
9330484
9362956
10222050
6931039
8451180
6376948
8187553
8006699
7967965
8941192
8077048
9382676
8475546
7848281
6562148
9220539
9178618
9294055
8548588
6937575
8873602
9284889
9895981
9482057
7999807
8823611
9075058
7812631
8732420
8731797
9297960
6953018
7517367
7300965
7650210
8337051
9372510
9240392
9941365
7079863
9865884
8070869
9790732
8842582
7519914
9253017
6944644
9220556
9450493
7613986
9806650
9337092
9081195
6947986
9035646
9137834
8969829
8090635
7929639
9054306
9186286
9880674
9204783
7749730
9187064
7742796
9563118
8107296
9386949
6944139
9634765
8010477
9947642
8965743
8941425
8473137
9462329
8038036
9237059
9648778
9335803
9387956
9370843
6905642
10267130
9084833
7064724
8826877
9955462
9260167
6834362
9298836
9992015
10051500
9463863
10030201
9389373
8515234
8044606
9054798
7290545
7279458
6320650
9301000
9119006
7649553
8062796
9344967
7990451
6983001
9225181
9140204
9220445
9270846
9477429
7907114
8561471
7490054
9458706
9328532
8666159
10293108
6438141
7227801
9172347
9287795
9501689
9473652
6969153
5962754
9438112
9793870
9210901
9299782
7762641
9795092
9408250
8411053
9244786
9888142
9050120
8906717
9118956
7081975
7952059
9151380
9865534
8486656
7290505
7949217
9401319
9251673
8156802
9261182
9015499
8210578
9802397
6944681
8159032
8136332
9765799
8796822
7959256
7921683
8505768
8545573
8070008
9164486
9207864
8142033
9237172
9554489
6929267
9624142
9035628
10334697
9226833
7972137
9458810
8840721
6351694
9354483
9647321
8008407
7003816
7922795
7800086
9266333
6223889
9352869
7806633
9337206
7856441
9015743
9220098
7965485
9269904
8932133
9344171
8738007
8070869
7067855
9459201
8442596
8165686
7302667
9092638
9210570
9411040
8011811
7624899
7647403
7929297
7021646
9403568
9373771
7651676
9268178
8779407
7930470
7832584
9953352
9247495
8083797
7980259
9639187
9617583
8825815
8012068
9122198
9266332
8035427
6578102
9483339
8822887
9339943
6925246
9341495
8460657
9281109
8072420
9329583
10362009
8814826
7958525
7751198
7910245
10406399
9206281
7161608
9253791
9330865
9198803
9295625
8101654
8822300
8319749
6973724
7084682
9387220
9527323
9250345
7926058
8997491
9101198
9603298
6900527
7811268
9247156
8930943
6931359
7401419
9210845
9625483
9409034
8733401
8116545
9435038
8990819
9020775
7842713
9387955
9268092
9315286
6425139
9888032
8034127
6941815
9690200
7943768
8036492
7839646
9378312
9000908
7829065
10447446
9415053
9894443
7910992
7772401
6877066
6867805
9637728
6292085
6635486
6930818
8857523
8906069
9342402
8859069
9223535
9386512
8415362
8907396
10193939
9246668
7812090
7394703
9688170
7439983
9786017
9470532
9084079
6910811
7950095
9256632
9801155
9022573
9200491
9298648
8022737
8577029
7047524
9074691
7520289
9863510
9376449
7912498
7094143
8573206
9403113
8886161
9757291
9660382
9986375
7934977
9254271
9835248
9475214
6225172
7015747
8900655
6878658
9958247
7912607
9950632
7921237
9060837
9239282
8354987
6004960
8554135
9178171
9201636
9038566
6930678
9462820
7967618
9071275
9415147
9460344
9469460
9401457
8843017
9544954
9424716
9571004
9644054
9256367
9401043
8974462
7657605
6911966
9387392
6499336
9238081
9252186
6325286
9082689
9138224
10028913
7434290
9407581
9374029
7082641
9413141
9220565
7944041
9447624
8756768
9998719
8632970
10003837
9491001
9346063
7831168
8555426
9416292
6966212
6947355
7092136
8907282
8617805
9613111
6395269
9267256
9813865
9401282
8050364
9189773
7948833
8006452
8152995
9895742
6873270
9944706
8900178
9154558
9418823
8254301
8253738
8622241
9372104
9089695
8050168
9203721
8663096
9047630
8834322
9402843
8028741
7941156
8083792
7916949
8710118
7824622
9337288
8737196
9082382
9668585
7958755
9635029
10419686
10015926
8445189
7668582
6999299
7980407
7907594
9458431
9921082
9064771
9282776
9751398
8428736
8960186
9324762
7302025
9090825
8256101
7958760
8967782
7895734
9843420
6200167
8075435
6342378
8680142
8752374
8794484
9145322
8185429
9459545
9335356
9110921
9239822
7926697
7796944
8075272
9423718
7942953
8868914
8976301
7941985
9490682
9233945
6348673
7979991
7325707
9637646
9892667
9208367
8139404
8069889
9054964
8116327
7944277
7944586
8447665
9819674
9653598
8728288
9251966
9255798
9254540
9339343
7746405
8946310
7902416
9450764
10288071
7646837
9032409
7086383
9198732
9010337
6342378
8011767
7948857
9431897
9567888
9482846
9279652
10371656
9264527
8011808
7971169
10391306
7800496
9432207
9151088
8377120
9139677
9328237
6880730
6595186
8551358
6216172
6994637
9610850
7811280
9894071
7840617
8772333
9947845
7092442
8976228
9146586
9240797
6955475
7907814
8962149
7668711
6939855
6966876
7929839
9050455
9674069
6938577
8753353
7928212
6900328
9483431
8546620
9147162
9349073
9818403
9006117
7971666
8383510
9281584
9388756
6359170
10295423
9233326
7749255
8522449
9287373
9300233
7516071
9538733
9894868
9135218
9475504
9223239
7923657
9540416
9619524
9765896
10357730
6943390
9354140
9748588
8845403
8989419
8151969
10290571
9266115
6790739
7651512
9193297
9357185
7843061
7800802
8759046
9913539
10419666
9253705
7017183
8690651
7062352
7967532
8285191
7780823
8149980
7450578
9808471
9429151
9229794
5971055
9183838
9380183
8734489
8822447
9424071
8481269
8020425
8075281
6509644
7045950
8730928
9448278
7963767
7748520
10051425
9333303
8000793
9268914
10203770
8718583
7604554
6395983
8488795
9445181
9157715
8250687
9290071
9415669
7939574
8562199
9004919
9159602
8483286
9374411
7817710
9764901
8306194
7714397
8433744
9110261
8131657
9127914
9729998
6174930
9267368
6939710
7960419
7018091
9276015
9390254
7937035
8947257
9056636
7675200
9405569
9400767
8099186
8702403
9345367
9353599
9082470
9085662
8716691
9023701
8486486
7976188
9237654
8985150
10015940
9161215
8863798
8182380
6508364
6902563
7437113
9192795
9887864
8924367
8893659
9862719
8144940
9266498
8117061
9250149
7771275
9392920
9956353
7745876
7573446
9982393
7825765
9061114
9897048
9269216
6886478
9208504
9148969
9275675
9139450
9645141
10291110
8115374
7945366
9254737
6238123
9189352
8255486
7296373
9151385
7067662
7527174
7747995
9812962
8099836
7927966
8376335
9431904
9349139
6957628
9240599
9191530
7289842
6940898
9342448
8967855
6880659
10448132
7563764
9295786
9678814
9146753
7281502
9262287
8607249
9782821
9268195
9765713
9383255
9101339
9342023
8546888
9997845
8026811
9418385
8923511
9146430
6938801
9024812
8976370
8924746
8668940
7800471
9451011
9954898
7895456
9414915
9657868
9293356
9263899
9410703
6999351
8917649
9259395
8055143
8925428
9860167
9343666
10401403
8765594
9580740
6892430
8712921
8445956
7620621
9845991
9206062
8392479
7945026
9852881
9247713
9077476
9437405
7519349
9084532
9028535
9264782
8899882
7054573
9288751
6781677
7290681
6894118
7474700
9349331
9197438
7926895
9485749
8024186
7704025
9434976
7807450
9257999
7916159
10048116
9074648
9074955
8141832
8947882
7970652
8260383
6114723
9296721
10003506
9249744
8019822
9051422
7744387
9653242
6883428
8957260
9407716
9377695
8015011
9441632
9258436
9255937
7851461
9265376
8250466
9882771
8306553
6499402
8071213
8839691
6160740
9254978
9354483
7901868
9158417
8815393
8771081
10302064
9252126
8689947
10048683
9149351
7052327
9266151
8701671
7325021
9125621
7991984
8253876
10008072
9268548
9405171
9017853
9860830
7767626
7559954
9598968
6315241
8845187
8799488
9647197
7947906
8320292
7127427
10329889
8405052
9236380
9457709
7805616
9686715
9992239
8884436
7998912
7664917
7907880
7891004
6664031
7942953
9297463
7796255
9408527
9818073
7610909
9060661
7655425
9887233
6896173
8941725
8350236
9398015
6865805
9336344
7392927
9719991
7124960
8048937
8443085
9929383
9368471
8446231
9386990
9227478
9895005
6945683
7746543
7245028
8043799
7893337
9317333
9225577
9022138
8739251
9426213
9625484
6993839
6890516
9257099
9051353
9091609
7747480
7957349
9414044
6116548
7668544
9251632
7252445
9894417
9463128
8955105
9265581
9415282
6760168
9091257
9337465
6897870
9085808
9878530
9221039
8468363
9248330
9802212
6668874
8976228
8957826
9375484
9939987
9342670
9741729
10387454
8056858
8628233
9436578
9939454
7045424
7681819
9377092
9393825
10023539
9421421
9047678
9239903
8164018
7516811
7919188
9984844
9295184
6896192
9001145
9248455
6597780
7091251
8974371
6945787
7691683
9239587
8946917
7477677
7972254
9278795
7922424
9888688
7834035
8251861
9420759
8025230
8461136
7788799
7522740
9148788
7953211
9333690
7745026
7949152
8155249
9371725
7066682
9730245
9340191
9814104
9130810
7522203
9985664
9269556
9199723
9270640
9878680
6940602
7770952
9200079
9012679
8070468
10225326
10194156
9391721
7903984
9022780
7945281
9479794
6675344
8336768
9082139
8683222
9252631
10269968
9135497
8883377
9305682
9090551
6946907
8502319
6395611
9864990
9333810
9218202
9436797
6537026
7030246
7927973
9646496
8550032
7637549
9418365
8624030
6940102
8551378
8335195
9240392
9414904
9862849
9047611
9834232
8934484
7907099
9411962
9477810
7902834
9412731
9747950
9293187
9346316
7623286
9330345
9090571
8100887
9219973
9255970
9389537
9389028
6083526
8826102
7663567
7595655
9401711
7038870
9312493
9623846
9085051
9337507
10293203
9455739
9154370
6250809
7450277
9245798
6907364
6924954
8094405
6891559
8175624
6440341
7916171
9617164
9476914
9645875
8107215
9657943
9079728
7512254
9224365
8338948
7951231
9436151
9671371
8862068
9615001
8550528
9253819
9477622
7261340
7243152
9390630
9267156
6960976
9097028
8487834
8872482
6610202
9331983
9417109
7833120
6318152
9539614
9419397
6862337
9612120
6938849
8080293
7853158
9322528
9947644
10419115
9782029
6589401
8824244
8181645
9870859
9255346
7807838
7847497
9250096
8495630
8106185
9401051
8372452
7964129
8312020
9184713
7955857
9371540
8421706
9080701
8946720
9512301
9574507
6320173
6911966
7513814
9567227
10284883
8071435
10191915
6956663
7944134
6940889
9903726
10397282
8472993
7115484
9890523
7293320
6508281
9939815
7048485
10247527
8925185
7977174
7595474
9329005
7326324
7931074
7068899
9403547
9384066
9724073
6947728
8015173
6694669
10397466
7789231
7646377
9217924
8858571
9132003
9355350
8154279
9339511
9342321
7595306
7118528
7843316
9133658
9388061
8837690
9418577
7933367
9302234
6979061
9391166
8668807
9994624
8520127
7055936
9412629
9682633
7402246
6890508
6443189
7620116
8751711
6895924
9146456
7025218
7335634
8091259
9622364
9270746
7811748
9548174
8998727
9000868
6594027
6128445
9473895
8155906
9827332
9082695
9731913
7434640
9146735
9309669
9177611
8635440
7403928
8069169
9987564
9225049
9811571
9581034
8482615
9275973
8740226
9226658
6138179
8156851
9002659
6316300
9010631
8948531
9797076
8335347
7668212
9607655
7829171
8053624
9879059
8968506
8248367
9262848
8041536
7944444
9535353
9250302
9810888
8718792
7762537
8727452
7449016
9331175
9764094
7759532
8545529
8849765
9125435
6893597
7947953
9084478
6664225
10420676
6874956
7512899
9331447
9130855
9472935
8736017
7622679
8334003
7006713
9118803
7927926
6905895
9463035
9813635
7679734
8750491
7960852
8999947
7013029
9447560
6884132
7436647
9146753
7983095
9148361
8872242
7971455
9434324
8960272
7967077
9230804
10409509
10205532
8436250
7933838
6693676
8555710
8155115
7488368
8987102
9144367
7939038
9078838
9181414
9337716
9413922
6374092
6962878
8012563
8456082
8092477
10261368
6629950
9251569
8209076
9271135
9201584
9752572
9252146
9139057
7925504
9682076
6274531
9078636
7929743
9801786
5952945
9298202
8139404
8100911
7984847
9219428
7955603
9081189
9896263
8821034
8346691
7470583
9982232
9205337
8291993
9430892
10406469
7963508
9388748
9242606
7392275
9248656
9095013
9270383
9022660
7633492
10436991
7830600
9248759
9806287
7083048
8198187
9337889
8254579
9275683
9632922
8752529
7924020
6470473
9703720
8001402
8548366
7806509
6318932
8920353
9317459
6885957
8573061
8262108
8957333
8004907
8025984
9011467
8965116
10293737
7644210
7622980
7286666
7623645
6995958
9050310
8858171
9680830
8484861
9375588
8040476
8965823
9113709
8795804
7978605
8117650
9427849
8727916
9594663
9242246
9643682
9214315
9550381
8038036
8557261
9460273
8147992
9091321
7907248
8107304
9365062
9109550
9613018
9201392
8604598
8428576
8006609
9083597
8927540
9187603
8714401
8107767
8043779
8098582
9200102
8980704
8536666
9540103
9380182
7682979
9263956
7290316
6901403
7665268
7007598
10432814
7929596
7964664
10004557
9755432
9737118
8552266
9310774
7513301
8629881
8386887
9338695
8071349
6957384
8444914
7846970
9890790
9404817
10254569
9264850
9134396
9408080
7850226
9241350
7472861
8166694
7841119
7976593
8191001
7941291
9194378
9615240
9432307
9183998
9232424
7011657
7676910
9957202
8182665
8585300
9488098
10401706
7931074
7955941
9035100
7521843
8333470
9010607
6984828
8842656
9827570
9338425
8642643
7838217
7944455
6891429
7210144
8949315
8673278
9151453
6920112
9185704
8546019
6376992
9224852
8932994
9264191
9035834
7994423
7807916
7992820
9479744
9072850
7044698
9295098
9219402
9054162
9429101
9074324
8400648
9552277
7850988
9411218
7966018
8106947
9880884
8931405
8115628
7902732
9418655
10049079
8604768
7959807
7811347
7831020
9229144
7979230
10268985
8752523
8794715
7945504
8320790
9813056
9200824
7933265
8151590
9189581
9354998
7302595
7803420
9783254
9387658
9652325
8348276
9428863
9655248
9591630
7954709
7963953
8729832
8065116
7704367
9317918
7124402
8974580
9463530
8730574
8167929
8164711
9236341
8508028
8496727
9236355
7962778
7617645
9537474
8754118
6977480
7928694
7954972
9157270
7935689
6900219
9352927
9097508
9234120
7925504
6884591
9048598
9635949
9903419
7802668
6802695
9298719
9077967
8099127
7752340
9254767
9371683
8858819
9666521
8711435
9339013
9337162
6218978
9307723
9409888
8124320
10262098
9675353
10215079
8134527
6671270
7851788
6936314
9613757
8851179
9268159
9744693
7482847
9244817
10428510
9239861
8048127
9438171
9408858
9863158
9000423
7899408
9106343
10409292
9286480
9294512
9421015
9987576
7613657
8812336
8028776
9427207
7084280
9350133
9338669
7662243
8922195
6518370
9996810
7282053
7622425
8484132
7288594
7624211
7644556
8155511
8413880
9374801
9862747
7903565
9308671
7747946
8481253
7005575
9623873
6921529
8943089
8991642
7052701
8104942
6373536
7673098
9018717
9391649
8842107
8585573
7045420
7367363
9249006
9077403
9189013
7991000
9245886
6707177
7921208
9293677
7967780
6939789
9055623
8967441
7940404
8792294
9367578
9846353
8971010
9420910
8146485
9290631
9143177
9080897
8786006
9279243
9282322
9336717
7718258
9950318
7981580
9201020
7356530
7250900
9347775
6952106
9746622
7078972
8508137
10051610
9327007
9992607
8977809
8155028
8444366
10397788
8726416
9752278
9093616
9103606
8943977
9107713
9889636
9189536
6881851
9294549
9729721
9290036
9311776
7489112
8034200
7482531
7900741
10423906
9812199
8052888
7460045
7971091
9212905
9271517
9751536
8446971
9327320
8310900
7713080
7052538
9047329
9475988
9254540
9483452
8967270
9439247
6947252
8031582
9033847
8635290
9373857
9285470
8643096
7586109
9005015
9232772
9307088
7011525
8968478
7668442
7513439
9434958
9112208
7434248
8757473
9255943
9391605
9084882
6955876
9372656
9122056
8921311
8777709
9252855
8894168
9879606
8826896
8047834
8219241
9227642
9002899
6979592
9299735
9003749
6920355
7999591
7794370
9403615
6955848
9873278
8937025
8787277
9089087
7745161
10391681
9162556
9423613
9229554
7789480
8664921
6899366
8979293
6947274
7834421
9727568
9442219
9337802
9752934
7646444
7963193
9137543
8022874
9028938
7511722
9272044
7900811
7926732
9331277
10406907
9476915
8440719
9266034
9374041
7799571
6941953
10202549
7988336
9136756
9455675
7904609
9464630
8763537
9369858
9435526
7637549
7290224
9437753
9020311
9429205
9639879
9758431
9385046
7759693
7958755
9202635
8514234
6942717
8013277
6118965
9007604
8970901
9244081
9231497
9682180
9178494
9052484
7668699
7101175
9449631
9632117
9255513
9172953
9426557
9411118
7894706
9992840
7803203
6683321
9623318
8433550
7052029
9638781
8709689
6595074
8869458
10030551
9250096
8006688
9225960
9382192
10245663
8142438
7533140
6882709
7681904
8379051
8157567
8975591
9134881
8191014
8455593
7941547
9214699
9316576
10321726
7905306
9245344
6992995
8827601
9132741
7603855
8726496
8979722
9134472
7665851
8046957
9370651
10415197
9146729
7977575
9351151
9012225
9821687
8926053
9017668
6530414
8031483
6705498
9188598
9270176
9895091
10007985
9268922
8155313
9307735
7640957
8968436
7490942
9201785
8292366
9153120
7919794
6960489
9628150
9405171
10272822
7328207
8580515
8846401
6892748
7077712
8265711
8155097
9261485
8075006
8968642
8494835
9219192
9077381
6981332
9627318
6929615
9377564
9154181
6877803
9320659
6236536
7248923
9344096
6661665
7843294
9271043
9339996
9928535
6938801
7680491
9235892
9010937
7994114
6173153
9635255
9898069
9141336
6000391
8427313
9295811
7056200
7905861
9816207
7917124
9602397
10307011
9222075
9307274
8924579
7617285
9136010
7842246
9765749
9061048
6875522
9219418
9757908
6315272
8889061
8924331
9862776
9651823
6863224
7401301
8918431
7669541
7910783
6159427
8888933
8822923
7192208
9264418
9408599
9728141
9381093
9252460
8353593
8829372
9714466
8644193
8683371
10003635
6947779
9391979
8428736
8042846
8034232
7905148
8487312
6978845
9301831
8756138
7901135
7921199
9292848
7957142
7930116
10393618
6944529
9090114
7718774
9225053
9502677
6011814
9710650
10295214
10408843
7969897
9347073
8016167
9468248
9076206
9601373
9084467
9118341
10194156
8150284
9747780
9746371
6945683
9042394
8004418
9456637
9989678
9311147
7026408
7787092
8023383
8918754
6929306
9809439
9857740
7401160
9477642
8228128
7881853
7995414
8996366
7959471
6785181
9249259
7089224
7970780
9273444
8725652
9888037
9011261
9210009
9054807
8027513
6663011
10411565
8109743
9274228
9251830
8552901
9004021
8001382
6663367
8139511
8838647
7999590
9133035
8021629
10293231
8823355
9761016
8768603
9370609
10401020
8932247
7991830
8737659
9255442
8210653
9112506
9293508
9052846
10025378
7842509
9420503
9394749
9230866
9204490
7966249
9048975
8107169
9473545
8179486
9215883
9129008
8081024
9120107
7996402
9022997
8955183
9098315
9128759
8431846
6545133
6998634
7924684
9324853
7799509
6694366
8972591
9022228
8736558
9427141
8025978
9270049
8774506
7981954
7758425
7891076
9880039
8130326
8741735
8866658
9514661
8045296
9405933
8211032
9386913
9341382
9986643
7260875
10444855
9550350
6908714
7124982
7930894
7283259
9646589
7393878
8508091
9856889
9819736
8477103
8171504
9262966
7055754
10411882
8166064
8986060
9106542
7825283
7958803
8386733
9256013
10007590
8053205
9077034
7142413
8129762
9615584
7636105
9176525
7246938
6952687
9819641
9468212
9985217
9048975
9105152
7982066
8841492
7797329
7685959
9844649
9112220
9168079
6243022
9405806
7288242
6980762
8945938
10010139
9236398
8736590
7819899
9146194
9768011
8495225
9478234
8926047
9821483
7950589
9436777
8939292
9264766
8446837
9090301
6058402
9651435
7920570
9384686
9436851
10192141
6308096
7992735
9232990
9142434
7907472
7901868
8131184
8211031
9152739
7945398
6976932
10193939
9132475
8119599
9255694
9636729
9781358
7275985
7802065
10213864
9378351
9154763
8856405
9609550
8899831
9448562
9385044
9415496
8107296
6180119
7803286
9898075
9226439
9444094
9734451
9320204
6160735
8625902
8492892
7931824
7517431
8403237
7658639
9336437
7064990
9802452
8838445
10288240
9223484
7993734
9245653
9294162
7035913
