273431
414130
279594
302289
838808
195301
273736
237507
269915
414685
255826
256029
402895
276938
285320
432627
299315
294889
265217
280645
949910
282467
311029
259384
206963
269400
260697
173000
200919
286375
273756
253366
195220
265359
268043
253370
274257
248067
283521
280311
210010
267631
964989
281783
242831
278080
287165
407650
278202
701101
304465
187549
290243
369926
237990
458306
264727
1039766
236405
251440
246610
298098
196811
292564
272153
399867
277591
158750
237191
311175
922431
213785
237159
290522
280073
303101
272227
425051
181418
281396
311316
243614
279983
280761
208167
184872
400594
914012
214581
248067
391020
292911
191620
419985
1051069
175827
813169
194615
238472
265044
320331
183817
706548
158227
214970
244706
254903
287757
276431
270855
196017
265411
520529
310800
461984
310911
405080
276007
393716
279544
220755
212731
436197
265594
238913
289244
303668
797725
277262
288796
276557
268058
285535
235692
402028
263193
175586
307024
396431
271986
205095
288264
298185
293457
271115
260473
306434
285623
413980
283509
295212
365905
280015
211944
280250
287862
284124
214043
280465
263889
291875
296681
449169
289481
237255
304394
157999
304791
274351
289855
266537
195579
290914
341115
280917
394116
170644
286433
281761
276199
276129
275519
277531
237781
266322
279730
408825
415451
295360
280921
418255
407269
225089
242068
163593
272257
227073
285166
310800
158113
310169
265673
277134
805087
280014
283864
273667
268660
303449
194271
284210
238594
196282
190157
284977
289158
285169
263175
172022
266642
245231
288765
265914
877288
290219
214612
288954
446308
291116
286438
180782
305068
213822
198004
1054822
277983
407722
287665
262156
303302
283910
274223
1052089
310269
201865
302464
445186
220849
159892
405578
851123
265937
248443
274579
188180
310175
268795
422077
207433
387611
288796
278874
289936
285190
554476
281500
231746
265415
353696
387611
394217
275477
280421
276136
284817
270583
398676
310941
204024
268529
280993
269197
322310
237277
266624
197022
269637
272011
275744
287759
404355
278436
273860
311372
420305
310788
254324
280280
397872
290284
829543
303855
267824
260424
283118
174803
449136
171328
208017
261694
238889
280422
279044
263710
263779
228005
361252
302485
418035
194653
254977
174417
275378
227073
405325
299030
448292
283132
248449
1054575
293470
276560
276805
299358
418188
407650
250636
231809
196085
413435
267631
281281
245758
283262
500294
195054
281704
437273
292615
204092
244037
281971
342092
214114
274512
196597
326497
273952
294629
286282
477125
286693
302510
443822
290175
298019
208247
277528
173504
292923
282884
276322
291787
265139
621561
278531
285467
444136
363041
212731
369460
864455
195522
298301
238100
284067
282257
253899
255142
289332
279952
297880
185352
198034
207731
916744
270762
233314
278531
311891
265866
172540
289664
311254
194264
296143
282840
254761
274662
311859
286509
193047
404730
238143
282257
278680
286289
177881
255804
887068
271483
207303
434463
294000
442655
242605
238178
419872
979707
238283
628973
305868
285723
278850
287499
215734
243798
269852
1053525
292995
179311
371526
289978
297589
276112
273788
275874
280238
160652
243856
272899
276322
270855
276019
284917
420590
414834
311097
629964
196751
424122
435751
434561
280098
249271
241221
303267
285237
286419
194199
285387
805130
420590
265363
213785
443035
191157
244603
300750
308170
198422
288946
270906
280383
411617
306460
232646
251763
184612
238178
304122
208167
196493
341624
289287
404730
275293
294726
349823
567412
303900
422031
416731
539115
311420
205710
219321
288743
257625
265417
161038
190260
198025
198675
288765
292506
253620
159174
600314
276095
286585
158283
869098
1052287
271691
286034
260183
502086
286965
225877
237255
247748
242758
639530
265351
197106
304810
265374
270498
260428
216065
277262
485658
269809
277929
299589
448767
304040
161553
280820
292838
287092
158000
279058
250809
260015
236015
422212
291711
288358
624784
293045
197285
262231
267528
389543
283534
283873
249530
445001
296116
273793
428911
213883
416382
283607
238666
377439
229947
949910
578704
302409
961707
415746
226377
268627
286141
283383
274070
196534
416673
289127
266076
286081
244347
287122
298257
291844
342092
278951
273788
272584
159612
297834
278037
915274
269637
289047
194358
229947
502104
295763
279246
265501
183972
401839
277508
237224
253242
285227
279528
277660
279522
409558
1039766
288211
196847
216249
289109
283187
275019
196649
190260
183817
281830
273495
269598
905252
267525
265325
196730
429475
651553
415554
245782
222181
304402
450769
284449
196238
247577
258806
284242
679904
238284
279130
266814
399838
196703
200970
284631
400107
262587
386578
409622
285637
250970
245849
286970
194894
275631
433863
447489
805087
279935
396534
280890
384012
289855
203962
297124
244051
265217
255745
280322
420590
446065
274353
170809
303101
259847
459559
181182
272370
455223
195592
265417
243856
258086
311099
244703
269979
213970
298915
481979
234568
304117
292935
188021
284298
272127
285485
265351
248272
406482
396318
302276
265217
305675
285362
399369
292580
257887
291075
446280
273880
194164
274088
268243
301638
305305
304986
398822
247395
433464
245028
269802
513578
304649
290484
792508
178776
258028
406339
161330
247973
273981
259214
435197
290300
229947
286361
371526
395469
246134
364836
260137
194873
260347
267916
681267
303311
290346
304284
406339
303707
305007
269825
460927
427675
304241
896602
265380
273378
286767
260137
264195
310939
310964
213951
285962
286297
286199
398562
383475
302085
174441
383475
298073
243995
370089
290412
311891
301588
303596
307024
190316
782000
458890
264657
307754
250531
250060
320331
256234
302589
244340
415554
265866
562020
259323
443517
311354
999906
284021
239629
354851
454759
223325
579332
322120
284220
285617
396523
289212
274006
265012
285296
750147
195854
472060
297524
277704
171216
270241
390954
433677
279075
252954
265120
353654
225063
1032773
443825
303479
278486
403974
263505
162713
289864
284248
281669
268838
182754
1053525
244720
415735
284212
170758
252429
267284
196505
280215
242032
276099
196064
284291
259081
415647
280137
198675
270082
216080
427701
266642
539161
279989
281756
197145
196566
298054
464084
394116
303900
284316
178776
276199
300621
272362
273740
220391
273340
763669
253166
360398
422370
300034
183585
276500
657099
195547
299277
172975
275185
214031
311316
438491
211275
388663
265970
276095
159767
437576
280029
281474
423113
273813
420018
265112
970987
324880
253390
280651
289037
281424
291656
409606
403887
268058
417000
256692
187493
283954
267910
230619
281690
255142
368315
287827
284888
290219
245830
196730
304911
236837
489391
280645
310812
249962
303411
274653
271755
262156
244043
271722
1002725
280066
417567
286483
452614
184696
521317
294694
195329
286686
433500
311358
827810
232595
292265
247683
196873
298459
280440
230427
258086
272269
196169
198887
286693
668395
191151
172975
283757
887077
274160
255131
265120
290484
251378
201294
312058
417567
421677
398802
280025
298167
275019
404211
315349
268758
428332
280618
274383
235884
310547
770555
817341
793699
300166
435197
280138
289175
443820
463434
291116
298327
301588
426524
294593
264600
350416
290298
307307
253798
194115
303261
290175
285296
307711
255425
606392
255142
250086
252946
393655
195579
273708
428866
909701
198714
274653
400107
413980
310520
255142
273177
280336
311754
193593
247627
267423
448600
294225
293795
311701
282631
162760
242068
255425
260567
218048
195162
285474
299695
440527
284817
195269
272836
274326
275634
228985
195974
283511
270906
258449
291260
280726
558117
281692
180688
238102
407063
260565
415633
255014
158302
288060
881845
302727
175551
462908
245794
244215
463352
276711
256416
160279
290360
215198
302443
261362
300950
355287
273903
265754
298947
205532
165358
288807
311233
196219
629194
293017
302407
288882
253370
214295
411617
265501
232285
429975
252299
279442
433014
303267
377325
273634
310688
406228
298437
279270
463124
245805
470737
160485
277193
782676
203839
194272
274631
298027
196040
273808
254986
778938
442990
280165
286299
281076
295245
206369
284302
206756
206698
271965
290307
265329
415746
269400
276579
307450
245295
310011
308614
303772
236298
310272
209816
281364
205029
286351
303861
237159
273180
211751
164923
416596
265572
270988
305423
297590
247576
280486
397348
291351
364030
262838
241522
289637
396431
303057
284539
244364
188088
178942
256416
208774
237338
236298
282455
297393
264081
280246
244720
282631
303801
170644
209816
275707
274610
422450
179839
274049
354048
310097
271981
441782
961377
285929
245140
264986
158120
272791
284817
283992
1051185
271739
246562
158390
409594
247618
225877
1054356
384109
286607
277721
183136
251248
298505
176599
237327
246050
244636
211096
252517
246393
295230
926770
269830
248193
288721
243373
310175
284256
397872
433632
297524
296438
199639
401040
248936
275313
270024
396284
291997
274386
265217
278951
446379
573285
253420
276022
282994
196811
287796
244781
439678
389543
269802
277130
264993
157915
175053
272035
258100
290756
280184
1014376
160600
294282
732444
465100
305293
265680
649099
269915
685833
252071
286010
165045
247408
237673
272543
237138
267525
214117
285634
286911
303275
205652
283992
398822
271590
323708
242440
173513
287617
245032
277058
288683
265351
413631
841823
265680
530792
443481
291735
461025
274351
312092
286264
269637
249470
164949
279475
282239
292243
393290
273296
196750
256646
201328
520010
272154
237673
287009
253165
289361
407774
406482
195514
286766
214242
183968
284064
256596
298589
181208
283903
199314
194751
289262
472060
277809
253892
299186
288954
421677
211785
182197
311624
197673
280242
449740
293055
390695
305063
197637
444105
264573
291544
271730
280040
236961
407740
276520
294930
265422
237486
237254
160105
255745
286408
344529
1032612
1054484
276142
196713
440363
273654
289361
214090
262231
305108
399286
489505
274850
259230
429817
265711
290600
310426
404138
303895
288881
300526
284833
195717
273604
273767
457878
257378
305272
417905
306065
236983
398802
167774
395872
281599
224236
284852
196527
298176
250318
249356
165604
299146
449650
295212
275552
288022
244906
298259
294362
280372
288521
297552
250739
304298
181755
272271
535168
209177
415307
284086
274011
194466
428866
254950
181418
753460
283257
284327
276063
243612
195579
207433
287189
280241
557464
238219
393938
187150
225977
312315
196629
401356
414751
280876
241221
271555
271933
471986
245805
265392
342229
200994
272538
406934
272079
244088
273930
284256
284873
227879
207009
194594
256931
226588
297373
284014
300746
443481
183585
276215
247552
303839
268289
283808
254193
343629
285082
197881
188495
398422
298327
277943
213930
295892
252958
453556
281168
281395
299465
261522
278080
164026
271691
275253
342229
275557
844990
297354
162776
273722
194153
264829
305675
287376
341115
259550
265703
415744
191998
394063
415382
267934
428578
301234
750131
194187
299386
560534
326497
703338
272414
288358
276574
212836
412615
451967
297079
175586
276153
287757
302998
479200
456748
160079
414774
219712
399986
431247
265007
194817
304269
274803
237827
277057
350416
310402
250531
269400
165337
465265
269593
199147
399231
907325
279276
237681
280239
238361
246296
270241
245199
159156
263596
303668
284248
255828
281947
197115
298458
237971
280307
192186
257177
305065
367071
249586
247356
396534
280137
235592
277225
216281
290180
369926
250739
289296
195499
280824
213944
268978
246030
205652
300091
195453
272017
285344
272341
284763
821662
196703
276176
303434
234386
265282
413664
286034
183258
237980
280238
396433
273569
918465
303564
462017
288683
284956
196650
237992
169095
246291
918465
1055418
213846
237845
293370
727341
923518
272174
272035
272788
190881
398676
271999
214255
299409
257538
415247
279366
269431
282084
273881
285213
172117
280890
270583
194706
301763
302209
210930
195592
237844
275941
274554
256416
214256
268826
198397
303992
286296
281912
304495
195592
273665
194770
272000
288721
235595
196606
268419
284631
175113
249457
240970
286282
276805
633496
174867
244057
214191
298347
289202
196611
297834
304230
196408
218281
328618
268860
310964
260366
286678
203926
990335
620434
249891
284564
496212
315211
260238
293793
286134
395872
188993
458355
587849
453298
193874
274006
284140
326265
272584
203330
276004
290629
200357
198541
196666
298226
653096
369283
636946
303411
414465
281615
345253
275532
292305
287543
285839
1041141
249356
293136
441525
285474
291544
300994
414714
280383
292615
932403
460091
250797
343291
271990
287929
265411
192117
248364
280390
195201
290220
279887
196036
405849
269284
205227
245757
283224
243614
275743
1005135
158579
428911
271070
305514
275223
414096
244037
227830
300689
198043
271790
391020
244088
196135
272899
316525
299344
194498
389243
272560
395064
291020
272325
281752
304261
157899
216675
304464
290401
273199
1050094
275223
265997
920028
304942
428332
272886
331310
753460
290237
301401
269670
280413
514580
231428
400032
413984
214255
278731
414186
248167
280516
325579
214227
299523
247925
282257
403894
273756
196196
787972
411617
380680
182754
280591
244667
453556
233767
283703
280877
286802
273122
283604
285868
272018
268058
284546
417554
284546
280574
196240
310975
304489
351345
238127
301823
289068
280477
399963
214946
859676
262536
403504
267824
286296
175586
414153
173857
196282
243954
410051
264741
213940
244669
286432
287928
245998
310486
520620
369283
267074
190352
397872
265914
274662
295312
414293
265411
183817
285996
537940
198043
213883
436817
260366
281094
273487
273122
443735
247207
414504
293075
415640
735873
283990
727741
415773
298929
416062
629191
429415
210010
322120
196330
161553
198846
277142
273666
425038
266332
247207
276199
240118
298395
404355
271675
737667
401240
279513
979707
274241
238803
542303
194782
264492
214344
305283
199924
196238
259625
455111
633241
244662
290114
493302
303801
160480
245794
160366
196121
289209
425038
288061
290629
272153
244364
289548
407755
879377
310806
269718
663359
252366
485658
194770
182477
225353
274063
168748
195536
274003
219942
283991
252946
161068
177223
157954
255993
207396
270288
290608
280332
264611
992657
256577
301420
277203
237625
573558
300750
258286
292305
284672
274655
264984
304373
276579
397107
463124
251731
240747
269690
289150
408689
244590
237573
421472
349177
301941
255863
247055
396453
286911
207106
271102
288803
329755
300144
202924
281143
270046
244347
310272
413980
286378
271722
302908
422745
280284
284021
272180
393951
196380
262066
423741
199336
411160
276913
399838
195585
262066
236298
175113
259964
275593
286034
290585
290357
264195
415598
250026
201328
273964
273294
272049
273804
881845
196070
301489
291926
280823
175586
272837
196031
285664
285993
296793
912174
242032
280672
449136
196816
274942
229399
289026
415660
274098
248546
245833
275519
404331
248563
286433
194187
272539
260276
460675
183932
303261
224518
226377
246883
452036
355096
237673
289709
277667
195192
413965
413218
302653
461607
232279
211117
286910
275114
1053148
260565
271449
661833
272859
440776
341624
306037
157828
398676
274418
452013
274545
292205
280641
442990
244450
303702
274367
195772
307911
265509
258770
272079
414831
266076
273000
269514
305024
265161
288522
169114
250636
269811
299074
322995
264688
161038
856038
252871
302986
195172
188495
463352
284449
549622
414105
302265
287599
265351
237781
285479
312360
305260
298947
298573
405186
291351
284847
397107
232232
277626
420466
425724
196708
632014
424316
273180
297608
280763
280486
305180
208658
489486
266125
210139
273488
282017
701186
346912
273860
327967
265757
285344
196646
976505
302445
290428
158086
281553
737667
521317
464670
285081
291075
201865
237142
221194
218247
288882
279130
456025
195854
299232
287608
273840
295675
289195
261522
194824
199257
287292
561067
247362
227498
256596
300190
299999
274943
305260
160079
282550
509565
265689
304791
285169
299465
273621
288913
287843
274185
288964
198520
269219
169131
440776
280726
408910
395648
208594
246569
302614
465757
422440
223198
589546
281043
891370
266814
256575
250809
413935
459917
257887
414196
289384
196085
284140
234916
460091
935655
435766
274160
303968
279932
294985
600156
212869
305180
285943
196842
199298
396868
195291
236809
393457
276105
493302
273469
214168
279132
196660
284644
439991
440976
320779
245582
275445
250916
286593
1055098
846336
286423
273733
194115
351054
285738
464851
423367
196569
289864
425730
415137
298320
268111
273561
412148
284449
730649
283544
276352
279619
298035
287942
223600
256393
290363
240474
865570
1054484
274713
182355
310762
307024
279949
279905
338079
444773
380024
305069
302653
479200
295152
246491
216272
270749
199512
274956
307590
195654
214295
196238
268705
271731
270820
289659
429690
279594
415470
323836
399989
288022
211751
285637
272814
302769
266125
393166
205039
871603
272528
377158
265139
277715
281610
454794
279619
301661
160600
430479
283257
265380
272829
196786
283187
304208
641200
272815
744850
280645
305253
430479
410330
325481
259257
278577
409607
282030
1038446
203638
443340
450777
399369
281887
415446
195342
216252
201215
270024
278870
186872
272523
251553
244790
244762
247851
291930
282400
260347
299454
396877
268613
417567
465757
232595
277340
349641
285781
290427
177223
423555
463466
413613
275081
396386
264573
394008
291719
271929
194499
283578
296229
435720
300091
227015
304608
286444
304265
432730
311701
194883
272174
255987
286014
283224
164860
288853
248209
393650
244038
280739
280461
272836
173857
447211
290959
435309
291997
257799
327598
291531
275489
369872
279852
250568
272639
237625
280311
274834
295892
269495
169497
235529
238715
918465
455456
302543
395282
311285
265470
399785
185319
196582
449136
429475
319383
286462
270241
304942
399211
272319
272283
447112
306554
188088
717922
158401
300059
158413
566027
258037
826382
346954
305024
245366
281887
272353
461218
244136
275961
799075
286034
376636
246629
287757
281610
1033359
196730
415660
462415
294648
274367
278527
197503
297048
284230
453772
581984
245005
298883
203955
438145
284219
285787
398155
248373
276804
286771
248047
245774
457020
288956
269704
280710
286296
278044
464519
286150
304441
462720
275551
276957
283534
222914
435018
184265
268865
750101
196631
238243
191620
279270
222853
179225
354809
1053657
286350
199928
274701
214000
285035
839543
396514
301440
271981
310770
253018
433766
244667
376735
158449
246799
214010
301744
455456
275227
228005
248766
286657
1026524
244781
291262
215494
286264
1031043
281630
310097
455111
243884
408824
287757
292991
285118
195515
266909
288022
283727
276136
250232
272269
596993
662874
458935
280141
285200
195215
246030
807689
164378
195334
292305
245005
295648
196050
564426
974497
234201
287288
271536
179225
426292
451431
290600
290600
194069
299806
271562
396343
251106
281364
260982
264954
500294
293218
244974
206095
274896
275670
273880
297890
247577
290913
281140
264990
270162
288827
192546
247396
602751
280013
286277
413718
234386
998330
173736
290759
310534
280442
285325
275575
286378
822550
302487
160025
280639
245774
311285
273017
372915
294321
264195
276095
310615
297022
297124
273922
271888
448675
267411
305185
276520
533459
433766
246810
292283
285595
272251
311419
281525
298347
196596
776677
172149
415517
279000
233550
615906
251374
251721
304268
275941
418025
267879
288946
194232
322995
294795
282045
158289
290973
212363
246050
246902
301941
280322
615906
412615
292920
281385
267423
207825
277204
304284
275644
196478
248333
229334
273743
453203
340143
210552
238538
159784
456573
299530
284838
271986
404787
363056
275748
159624
232103
251440
398600
271731
393739
294005
220787
265997
262438
255726
198520
520620
204498
290220
297506
160434
455456
294213
193983
237460
443735
688478
370108
265039
243088
416759
301125
279619
768746
871603
196412
287093
302599
292920
214169
439879
289332
377405
312470
299232
393166
466530
460333
260719
283969
838808
399168
336067
478024
399963
273582
254193
285978
272153
278486
196509
401142
429690
194578
271102
286398
242758
248209
279071
248712
284616
289897
520347
257173
288956
261751
280097
286817
291909
434463
244889
249350
276365
271638
294991
194111
289381
197189
304505
289806
266419
443541
254913
291884
302703
414150
235230
247637
284219
279178
222661
195651
297255
300693
290347
411688
211828
355096
291909
727741
294005
280087
194164
188387
290105
414325
427936
274112
429080
291985
158381
271888
287078
238127
281447
271078
270263
485658
399175
274851
283337
304023
281801
250970
280157
204638
298617
418610
472060
176253
620434
928283
179126
286420
261402
196649
280875
195579
195220
259195
295054
403769
186505
265547
255630
157999
271336
298589
182355
397107
413631
418715
412489
254159
207602
286066
259706
260430
657099
304994
407759
286676
618209
255826
226174
279075
163097
277130
213951
271092
256167
248333
285296
269979
1053656
337751
280830
290508
158120
289393
197360
860977
443735
197020
287288
264660
295671
284175
292994
285350
246042
194479
269256
188666
287954
268612
737667
199891
284315
311415
158621
294967
240868
233836
244196
283001
158761
237813
245851
446913
248298
446017
280579
344191
164373
427936
304789
275575
237594
194956
287748
281630
293011
302801
197243
268887
196930
280467
280184
439603
218081
265327
229720
239506
265729
268795
289046
394067
408098
419889
413715
288718
251248
464084
288067
200614
285237
183972
280583
285663
194579
540378
285590
245198
173736
184158
214256
254851
835956
460466
419146
303760
540378
394116
255726
301030
213970
439841
304315
171258
407703
265006
269915
292809
286718
199318
247357
226148
285593
268034
896500
305421
256664
411013
472060
283963
414321
260473
205715
276019
295312
455641
431074
236983
286034
760451
662121
210804
396875
198004
420214
414475
301160
322663
951662
160186
787965
279167
273754
221768
464364
301515
284272
280896
294819
434575
236773
256003
903820
159066
194598
281576
415515
170644
267831
254776
281021
305386
280730
281662
489429
443481
245028
302464
288870
398973
295822
474022
257538
909701
305284
199314
273672
244151
596623
272829
224565
276938
394008
280467
437749
184531
288048
337149
277924
452091
260610
226357
280116
402236
999161
282940
393383
1053946
305547
197828
254193
427701
248184
273367
287171
455641
299344
401720
253892
273886
195144
290281
299021
271731
195139
428402
1054165
196825
267824
305108
271243
289590
284032
188028
281764
194784
248760
282414
196770
285166
246610
196631
176979
256880
219302
244741
272003
291984
220086
440795
920028
270498
416221
178776
305138
280534
285723
214163
433677
1051069
247381
279946
285442
310658
271541
300621
1053564
284474
918465
213908
244906
291466
362207
395773
273596
304298
293737
194796
301176
194595
586548
299654
194494
285572
464480
300693
402882
245913
283897
801014
265317
405587
404330
285727
414774
191635
238101
285326
460091
275745
405211
290837
226357
196623
286111
294760
289545
249969
309770
269946
403894
283800
291279
194916
451431
621561
442350
304385
455641
371634
292469
253892
159385
212363
305967
190157
247395
176858
270185
451955
291517
452597
744663
268789
301420
560410
298185
243942
269743
265345
285362
306836
330468
419953
288718
271990
282733
305206
311665
286483
303707
278202
287122
190157
265494
425724
288333
427631
273340
765563
246638
477125
268627
258449
184451
298697
285458
287464
279367
364836
243387
158464
305075
210751
401720
404338
268591
206332
270070
290409
443450
286441
281395
270849
336067
204498
264987
947339
908319
270070
303900
269371
194668
254854
286826
373207
284944
300395
194929
188985
244214
337802
272227
445551
188541
1051504
197422
178318
265117
206993
304939
279089
304856
259021
284327
410431
303302
275650
1036362
433946
243980
470411
286084
380111
249079
760451
902727
458338
324880
189043
183883
443340
420265
441319
597862
270796
459723
401667
173839
459787
304486
280029
274767
275695
286363
276989
273948
268863
450605
194272
283509
429988
946991
404480
299417
257726
304929
241221
292615
253392
250208
175990
194498
770555
225214
270818
296516
401142
259083
258140
286034
305305
198050
243088
213158
236015
164378
302419
295184
190881
265246
439678
410598
270096
281183
295522
272836
232184
465530
280097
400107
822145
194883
281422
249538
239060
280717
395872
681058
289345
317163
288169
284348
489505
289978
237460
280625
301752
990586
240497
197603
278900
198644
415545
286034
180699
520010
222784
286895
269915
244889
305177
301616
415788
302701
248856
312092
651760
269560
194322
414082
293417
270762
458365
251291
490144
397556
303728
256234
277320
284175
293939
400107
286622
442350
384934
195619
250531
301014
283907
290347
194466
278680
455486
256758
274441
433953
195329
213940
394065
227073
162505
431558
310520
288233
276459
418255
464397
246902
265139
196123
282432
276557
238310
286817
280768
282940
295675
278887
285668
424964
291344
264573
236405
452614
287384
280875
284246
614907
928971
226174
956572
280315
304562
164846
287497
268785
167760
272055
284544
312123
279610
565244
219688
286766
171951
164932
224112
271938
399693
458890
664605
915598
196570
302373
655885
285266
272544
195579
272362
244157
203886
327007
801014
301323
290863
287113
426292
413923
194098
430554
407125
274776
273279
445305
194640
275867
857322
245896
243980
259218
412707
216420
293017
456938
199762
301352
286150
425724
195187
294687
212931
252575
235390
377325
244910
843207
306756
265360
283636
458365
280222
273749
1047250
291658
286009
327286
277014
280921
280962
259757
268884
309245
444721
265610
284827
760451
398994
273276
990335
263507
196537
245742
249097
246024
281690
265290
265117
273763
302599
212618
413950
212946
276557
517265
766934
257698
265835
454082
253018
272413
262910
258063
202186
264999
303329
959163
256167
305161
237480
1054444
500996
285411
280962
315349
441525
265344
463295
247567
263889
287042
463042
301599
290409
256416
302754
278987
198471
290508
275178
438183
284631
160480
304063
280430
250264
281181
285981
304354
298225
272714
882462
302464
289116
401040
284778
205739
294311
303500
165781
290929
274803
242068
407722
281173
269830
952093
286621
399968
292122
520010
272162
256983
248174
279949
287608
426123
286908
288815
197243
196570
547376
923033
305176
305675
278037
212446
276560
281761
199336
540567
284302
420466
287757
249380
428781
279575
414105
291997
254296
1055939
412842
232646
295458
263596
285169
274426
195966
271820
414227
198043
272560
264829
221290
219950
185352
293218
237281
447163
418947
269048
446981
281655
930933
310941
244609
305161
311444
286034
271607
909701
271581
428911
645827
414105
280171
232637
961707
194698
294430
311420
601119
252065
284232
244762
404087
256284
193593
452597
265292
251258
158470
231746
237827
307270
309188
265384
438676
280079
295884
235283
214159
290307
170809
276112
284126
248082
290833
191495
312195
292935
227015
433863
301532
464936
285200
283518
196193
273793
295324
393371
198866
230148
400284
973152
513578
720777
237642
294441
209321
245140
465072
289095
268874
295763
184053
187946
282084
287690
409504
243995
286508
280465
409584
413774
303205
398155
294935
402742
300190
464482
282775
280720
271838
160279
464416
244349
190843
196632
220557
266693
245762
281200
329752
310749
269582
404384
247270
259168
398224
232858
162740
290624
288550
911318
279413
281313
177581
281208
404480
236706
286580
310097
219907
302109
280631
287691
299962
294935
260076
196238
264999
274964
251440
273788
285320
300760
304186
266693
238243
1054437
289647
217745
252879
337149
279575
393470
430732
305065
280808
279619
161680
230427
283383
260610
300950
301820
271805
275532
298505
188054
426962
310964
412647
264779
265380
387611
275531
464914
1029533
294930
285901
442513
326497
182477
299417
250571
181208
288160
840762
265215
283613
398248
268854
194774
220647
280867
331012
276095
263596
265304
268740
328316
443340
276777
280763
196205
244441
279130
352670
312188
277267
255987
269721
436197
414465
447112
264611
182292
245115
263568
286595
303970
297172
281181
421313
199036
453577
433632
451431
530433
626352
272809
272049
815298
285486
415528
290759
283800
273327
271427
843409
288560
284866
270135
302654
286177
280416
492571
268789
291643
280138
277222
246631
424410
989662
158248
252622
266986
302599
288796
1055334
288174
284840
262215
999161
280641
248970
262423
275552
198431
449437
282467
304791
283054
393883
304465
273101
443340
281781
964989
286588
277508
445639
268311
180688
400017
272714
283992
310815
322213
464623
290629
244595
242034
291683
252679
220967
273743
423088
301176
269124
447695
255856
277081
195173
205131
247567
291719
295324
280797
283613
262838
205227
245345
364054
192186
311000
911612
295892
284248
976542
285166
1032612
273193
185352
273703
265354
365905
508663
264573
287954
296003
280979
615906
281359
436996
188666
265325
281396
280184
1044830
278845
251378
285302
201195
259310
158389
285350
277197
280019
866705
251778
290105
173198
348912
413935
925054
267934
233853
404375
315211
213991
268259
194874
399375
810854
301580
273255
253586
196847
277663
882462
158248
196408
222730
288648
284378
678019
303970
264320
290293
348151
397348
678019
259646
271722
229049
159066
263998
192154
276099
285390
293751
286264
165061
196656
262591
993342
275867
225129
304620
466530
266172
305180
303723
289552
171205
247480
414502
302485
349177
385714
252624
240878
302443
204120
435283
232112
465752
393400
238243
270921
236773
291489
182477
409584
256141
202901
439889
253993
279711
217180
284686
322670
422450
290982
263101
303772
929081
270506
234740
281375
237565
238143
272558
252946
245633
253363
191495
284474
254917
395749
254986
1046236
265312
414321
422370
463400
292944
274115
303617
289394
480078
289004
268854
257327
304804
274088
256894
273469
292551
194223
229676
266692
493302
166438
678503
277642
265354
464435
293017
237436
282920
245001
370089
204024
305220
273513
271992
520347
278531
406089
442296
292919
969200
160549
273604
285792
196631
305161
284616
305075
275240
289358
199481
286793
257897
244043
301285
291578
945587
161348
285929
291656
1016391
266202
285780
304998
288683
970987
286911
214031
299597
222514
230619
287770
454636
298654
264326
457951
480078
274556
164949
301669
259244
296681
462415
520010
297079
279528
289752
273702
159540
416101
310719
239475
213982
370224
407650
294600
310798
273708
292305
283696
264829
245913
192546
273317
245005
352074
271938
305669
916031
280484
285335
279784
451533
278959
238154
246477
215718
455335
741667
310798
293621
277715
292226
281058
274125
240896
284644
279949
289488
286595
202493
159612
298019
183968
279606
237224
194117
211465
278959
294935
279744
205652
402882
296005
239966
162505
284402
393221
250060
264727
195215
184158
260347
198887
232646
254614
237282
299483
266559
286793
288451
196092
276989
404300
212831
250296
294337
219942
939317
217801
159020
232473
261615
280238
267454
288233
409326
770555
191578
277132
284097
230477
178318
158337
415554
293032
224529
1055939
284659
604030
255339
275178
454378
285225
431217
265008
275593
430732
279744
304772
206637
276095
244574
399369
162339
404730
269577
456772
304064
248479
286297
274351
393944
304355
272796
304233
194663
205987
348513
194038
268837
437408
280978
851123
218503
283258
284631
270168
289372
269366
325469
284659
415554
1051454
283519
275223
284272
416596
260497
248468
208760
301566
393133
281783
286911
298035
281607
451533
232092
269124
158621
199353
1052089
296332
525856
217041
169595
284198
393580
289104
285749
265996
283198
396774
245739
489486
273308
449740
418035
205219
282761
158282
450126
528123
265456
273167
159695
442296
278174
253113
268067
841568
184531
248067
251378
158011
162761
400284
283054
463868
272055
447489
946023
219913
256880
447207
254852
297362
269721
426952
414376
281396
196570
241221
276030
256664
427675
279097
299751
272079
285237
396534
253586
305914
282761
291079
403768
166715
264422
439532
245952
439042
701325
293457
181880
629034
286177
393371
305176
307623
459636
639769
292925
273903
253514
452013
289891
196126
262853
298533
352506
294111
273754
250512
1054437
275744
676597
414036
159660
239060
377187
285590
190396
182197
312074
199353
414879
277032
178942
281810
196706
454060
285962
402186
311269
247913
196519
340143
289342
396446
960156
268159
273722
196036
217284
236015
189845
195342
246291
253620
284032
271533
284616
208247
274250
266768
229947
448360
275227
180536
274512
455388
999017
271562
159545
195705
226215
196836
310009
279355
297717
280018
561064
295299
267885
470458
280645
274512
295054
163131
269946
222864
922370
245742
293479
266949
380680
251731
261249
293306
195579
196470
239719
280783
282620
309570
290409
255050
261097
398828
290168
195942
252679
274070
237194
1051047
275038
577037
304037
284316
195301
396460
580301
459723
859676
297045
290935
289342
298929
219942
196870
246445
279668
286908
430554
274115
719367
287805
415382
404377
278486
280992
159227
653120
489426
244603
196546
269839
435309
299621
265961
290686
189043
240936
306021
464602
419839
284124
404414
171205
524441
166426
277174
287376
418459
470691
274986
305177
760451
268978
454250
271043
543789
288169
257274
915274
292787
322310
280130
686406
290465
298217
354851
280639
272330
269637
384012
279610
407063
225271
184331
452217
191312
280040
701325
199462
286385
433014
159612
288648
285846
195564
409514
735873
244662
290237
293479
283963
196091
258063
301988
458338
209816
895454
299344
295402
303350
1045838
250318
402179
305108
158598
257274
288898
286608
165712
267233
252622
299417
593380
269514
285864
280825
305180
266736
286448
277001
274791
297373
399963
238127
274250
418370
300034
284644
464154
213119
415094
289158
161553
249726
158901
288956
239060
290364
279101
553758
159658
168064
203114
285981
285738
295184
286459
277981
280973
272017
376636
290679
195215
244790
392766
664605
253606
271800
266559
303411
914767
219280
876968
414961
265486
290935
244709
275558
194594
197881
280079
448334
274088
202309
463367
432250
394217
547722
281954
237460
256969
214299
266403
463097
470737
239960
274241
463049
305228
774050
732050
291042
463434
412456
826108
289095
286644
279651
160186
286619
296003
246003
253242
286657
199336
285016
303984
274253
273441
280421
276153
280311
289068
295884
323836
291563
266111
194207
158834
424889
453084
310714
277660
413901
277786
160443
246513
992410
277715
214612
304998
264999
179225
378537
299134
296516
302998
248209
280098
193007
470737
311000
279154
272227
191578
470741
276466
398744
949910
268067
289244
304689
242719
447342
207602
292615
225961
242839
264940
455223
250809
253892
275369
563628
237594
422718
238341
158534
198822
275402
195487
194610
284064
449787
238889
280830
275532
302801
181524
271817
415507
242034
304306
1002159
273392
286243
267824
365905
195977
194244
416759
570090
275941
262423
285590
419770
361252
257679
235271
276022
288160
194321
158830
402882
464602
203022
284817
310924
239719
276708
300968
323318
292920
287759
272092
288690
273553
264829
235595
399971
395064
304203
235254
285360
805049
458721
683209
250620
307161
272330
258382
259646
274702
245766
206369
286793
426359
416474
266419
290238
206369
211153
429690
231715
281181
186525
688478
196762
399369
271731
273815
358106
463144
165949
244653
265459
196493
564426
396514
194192
272788
462606
513578
166150
297793
303361
194792
245242
415633
393655
197149
195672
309801
284020
267960
284532
287601
361252
302085
277174
284409
249969
302998
279935
168611
399319
194113
299206
274986
310500
291089
181182
277338
261999
286935
300545
281936
265038
401040
275001
259244
288898
290382
249586
268612
393669
277765
283604
284232
409514
261999
266076
264727
428332
410598
294430
311717
310939
261850
195139
158587
712626
401910
276459
265907
626179
274364
275489
286621
648800
196596
456104
290674
1041141
237778
277637
213908
199639
989857
277762
847631
283907
846336
399256
291984
244603
451388
440588
285665
1009612
251540
173513
250999
159767
1053564
168547
195758
291926
280390
425410
310658
196611
184455
463367
245766
280897
298291
286142
302485
242040
224565
300750
273317
310788
269041
159174
237781
216550
686551
265260
214991
274426
288228
160442
458834
375088
259195
271919
196875
288690
213157
290624
297977
293082
895454
228366
979707
269946
292720
274896
238933
463881
291531
270207
303247
244026
280105
275293
414207
409558
460709
218725
234587
194199
308169
290914
299315
214191
196847
486860
537028
308003
933317
269979
236516
300502
434245
281470
264176
260341
239060
184495
199462
596993
282810
271981
286994
415520
283306
248067
945587
246513
276946
282214
265007
303839
861334
404730
273736
281669
281094
289891
190352
268659
196240
294537
257478
393220
310798
287105
273672
262231
189627
300182
195281
229725
246562
304863
212102
196036
189845
288885
393220
265572
280336
1039766
246134
268869
246928
310169
288956
415690
305493
264176
302842
237970
274735
274351
176298
273474
534702
419711
287319
214612
284817
298225
413962
291356
452217
289676
308885
410257
294629
304684
310812
458365
278712
245814
158750
636372
212837
197650
294648
293082
245633
256772
195291
271554
291930
278712
409832
576321
266449
192519
422450
323088
284658
288349
266125
280645
311197
943007
528914
250019
249457
280867
223171
420488
528123
303234
266419
276365
278849
265367
235884
910662
208594
275350
290585
399175
196670
490724
276959
305514
286282
272829
286011
286243
197282
378537
428578
460466
157937
174817
750131
198360
265417
199276
273815
194271
403800
401356
237486
273317
289393
461352
858269
216119
417548
864455
268978
284644
240157
247552
244522
244535
273145
680140
288324
269133
450126
280886
301820
1053899
171328
235969
265417
304935
312123
394177
283696
277267
274499
249135
286298
175071
445305
560402
204028
305236
274414
204047
195843
205039
676597
265100
259459
259918
264471
205918
288358
265470
280562
297926
296229
1055382
280372
394809
234020
280130
458890
265683
247356
441154
158464
280336
272319
304470
407591
288234
708480
290025
301820
422666
294991
289158
245582
865808
280164
280299
239867
261173
305007
265456
289062
1053863
196380
455641
394572
267528
278080
303247
258449
244636
232442
283940
272807
281151
321019
237228
239060
299792
302373
287289
312228
437576
160480
246750
249378
385714
710617
294597
287330
265325
288887
287499
685588
292208
914012
160485
302479
414685
400788
424081
273840
285486
274070
560536
250937
290401
237282
204100
481293
239943
285590
295251
296793
260385
300745
259560
291563
426745
269147
432498
457088
463881
414376
271995
279070
250702
249661
302237
305162
195220
281598
196219
422370
281817
265325
575311
805049
407667
264081
265120
160524
270397
252293
265367
287526
162248
264675
461296
386578
776677
310672
432991
241000
196621
271427
194199
273634
274827
255648
194874
265411
327286
205227
270135
181325
250506
280477
297793
303843
311027
258063
286771
248184
454759
265415
385073
283592
236879
250999
357784
284078
187857
250856
246477
213992
265754
427701
297864
160186
269830
238406
171548
284539
269711
267879
275240
417100
442990
458365
272006
678335
217582
292602
183164
286150
271716
165616
286011
430543
199639
247655
213157
617053
300994
312197
433464
1001213
286517
414473
217098
197896
407698
273667
205454
286766
268978
248494
277134
454060
303350
272735
223150
976919
276500
280830
294495
288234
301599
513578
166049
953614
780108
198043
463124
282810
204041
265417
283118
1053656
280430
244667
264905
293975
494698
300745
174420
158838
284154
264326
273237
279026
284348
284242
192313
262325
203918
275293
1053863
281095
303411
261132
283970
296182
453772
255860
297474
645827
296332
406203
281515
269046
186401
272269
196631
162076
175113
310809
446913
290363
290522
283737
724382
259239
1052287
210552
288243
280390
301285
276771
866705
287929
197814
246631
166155
284474
253600
337149
304037
295312
279089
458075
291531
415433
268856
286879
300968
254903
280430
268243
287526
214043
289150
288711
239045
464547
304903
303970
273604
290180
283987
269204
1039837
214090
290863
258995
297636
192261
387123
286351
304023
292035
220893
231809
736497
348606
385908
280164
163097
323088
311689
238392
250506
301785
285642
281764
275848
273880
283755
269979
500996
299134
285943
300291
992657
619251
284817
813169
244962
265161
752714
179296
264788
221194
1030859
182292
271976
272288
249781
289810
311372
256393
195300
455486
462415
457020
289053
177702
253892
269946
286135
296864
511884
245769
245670
935375
271716
300059
286310
281704
430205
407269
285634
272498
285439
304671
451955
237172
464889
220086
160442
626433
209765
191312
194271
281319
200864
410598
274452
231164
301665
300242
309770
408098
265259
205918
216538
301677
871603
307024
418255
298473
447744
259350
291382
1038446
295801
184158
272458
263232
292728
291079
194059
237992
401219
265546
452036
227902
446632
259918
279784
414774
756126
339158
200045
452091
428578
212618
416560
295877
1055082
266785
294389
293751
420385
284378
237857
274006
419872
294624
378972
413971
668395
213992
265198
197896
268567
231164
261127
303801
246892
266331
306460
301590
895454
302300
239101
301125
194498
243980
165712
237984
213786
218274
291893
266986
284291
297608
304291
285978
256234
207828
237827
889293
724739
247789
303756
920028
305024
560534
208726
415345
227105
962030
792589
196593
431074
298019
404028
290913
293875
198846
409585
222661
271128
190428
288234
337802
269547
310642
262992
409948
279276
853727
280430
268795
210010
280533
273802
236983
511979
265712
289804
290294
284817
626433
287376
300396
309186
282214
266202
312074
310658
283757
244364
291844
250271
273049
464485
192519
305421
261751
302495
668395
397309
245005
194567
169657
300242
284778
414196
246379
269480
269658
158830
270589
259036
259625
198258
199762
300242
272646
199266
305293
196456
411434
410382
394105
735873
237327
284133
273640
460307
311608
265370
275565
301998
246036
249538
284366
273793
264150
284532
246629
197997
298476
248272
195139
444445
237971
245670
275745
279796
159244
393357
930933
393951
476506
217851
219712
724382
279804
278037
243909
432627
171258
268335
1052840
293501
184162
286766
225977
280917
305643
413631
732132
280813
499084
207134
271888
560517
265729
293082
366964
285646
277058
273031
195187
195671
279376
249859
543789
275125
274248
289590
195726
256526
289803
419146
229111
319383
290629
519036
213785
286081
401145
310452
302451
184872
310175
184546
227498
255630
427867
461218
693977
274952
192110
245833
299467
249354
295574
464602
671618
283725
299268
305254
293697
393157
247513
292243
280900
165616
291492
239943
264622
421381
457143
196478
266973
159660
168064
264549
257177
279748
407755
301063
185441
274610
303843
265315
296521
287362
274776
250194
771692
303549
299352
431247
351275
200315
279522
480078
196735
942226
194670
250318
339116
415599
289846
243471
304269
303500
244057
284764
300205
224565
407787
193389
191954
196278
414096
447476
274556
279648
293110
534702
238803
272154
279475
266329
239267
304785
163516
284603
254914
481979
530792
393971
158470
239101
213261
407269
204944
628506
410490
285738
238247
393791
304040
271981
285115
214228
207045
281615
253189
251166
238127
445639
441154
426805
348136
404300
264589
465288
286580
290950
199547
279754
201116
355096
190352
246160
434644
393932
402882
269591
175113
180662
310806
194698
203955
277129
310658
194824
430205
289488
280720
255716
278987
261507
449437
290197
361175
422222
271994
442513
290950
280867
197199
297864
240747
380680
1013594
245169
308445
293032
277937
278992
311608
265329
158464
275874
257274
265415
567412
400161
298317
680140
735873
286040
272243
271888
414714
405722
294930
278174
821319
195579
285186
282884
232858
691367
249554
299186
311859
301896
290126
327007
247270
265038
273267
597455
385073
273804
276354
286343
255484
292430
237844
250531
344212
213944
924173
396622
446360
291893
244076
196237
286793
214017
272837
291763
196593
310964
455388
205494
169595
265354
393595
249391
713914
282523
407722
431217
273488
266007
280841
264462
413631
895454
282467
711480
259706
266331
298972
281470
277311
282595
269582
262325
252786
228366
299177
226174
304376
272336
237827
285823
299884
286944
264573
213812
455456
300981
194251
287319
252946
322343
303801
489429
287255
196412
185352
278245
290935
311372
442057
267824
287806
218048
439670
211828
304605
346954
179118
413802
273327
171258
353481
396460
196280
299589
489486
274803
309068
244215
343539
407776
287034
274379
195334
406115
286541
253310
287335
280184
277924
246883
256692
771692
891430
247683
312230
269598
268885
232526
196341
233550
939317
268111
268111
284914
408037
269636
245208
460091
390695
294513
196566
1036362
276378
300059
255856
284843
198651
285169
225977
273964
429988
287034
304226
250060
399377
289113
481979
376249
274589
269720
192546
196779
281303
277989
282017
297452
254225
271716
158389
280098
452597
232646
395749
269825
214266
279044
471986
322343
294648
233550
763484
295425
194653
209395
671658
172766
266002
207825
192110
303311
288097
276176
284315
282349
276007
189939
275951
540548
793699
399971
938909
441154
160442
280748
211801
265681
435976
266125
414302
245766
205425
352836
792012
283262
1052089
278875
254761
258042
214242
158803
295691
409580
292122
212699
288061
661639
281143
283940
301627
305220
289332
399162
184304
284616
198647
296616
195342
159231
672023
270906
293032
265620
277786
265759
991096
273208
312228
887077
237074
273167
232526
250281
247395
300693
266754
258045
323836
286964
288333
289109
222846
191998
237254
169711
411160
194770
285756
329868
218246
214196
287031
400863
282414
293596
268311
311269
260697
427631
284010
237507
299512
240794
244720
289281
419839
272911
192549
434245
269637
310269
854658
315201
244117
182355
951518
293382
208991
278531
303234
329752
302237
206886
245375
289050
422666
189068
300853
196786
430123
246291
303401
653120
194770
393356
300811
305177
220787
397556
307962
214156
278531
165331
282228
727741
301752
304603
304403
285266
272000
245805
285155
951518
286485
301580
407378
274949
900693
256407
208619
267675
180782
459075
200614
433449
447013
169794
298473
197149
438985
288377
308581
239404
298304
190396
272234
415470
344191
275369
248191
180688
274850
326265
222853
281906
190311
238450
464412
288442
265354
341764
264514
164949
393721
273360
163097
439739
464364
399874
266849
268252
288954
280583
802953
719367
268686
303900
297409
896602
225129
276053
294430
398744
295887
257383
461240
301874
304315
414831
246046
251731
295952
286081
253519
281589
292893
276129
285191
238913
299806
303275
404300
239943
291719
255425
238538
279270
413769
245833
245132
869098
432549
243387
455704
299852
272899
271938
289047
415430
285458
422469
160434
1045873
259036
213908
297767
405080
274215
194780
395773
198477
258867
286371
287662
182212
465072
273981
279026
174214
196670
266822
269256
458935
213908
264136
196621
463773
412489
463192
946091
419949
279648
199266
854658
235674
272696
286339
178297
285713
280161
247362
421078
393220
858269
290114
294243
254209
288324
273702
249511
309534
737667
286498
205420
285851
322461
358889
281161
297045
394116
1045232
289735
306434
853727
311372
196491
181038
632014
237681
780108
263568
278044
308581
304935
392985
281168
279193
305183
296681
299924
279744
399867
232637
277740
393669
242034
413984
270371
210552
455223
240117
427701
212731
410294
281363
274293
244245
244441
710751
274426
419839
348912
465056
273167
301655
203805
413218
464547
277937
261522
238666
305220
334696
270024
262066
288522
280029
396577
276938
286736
271081
246631
276337
292880
229935
267483
190843
221504
731759
265337
213794
273903
286264
304649
975429
194491
293454
194925
284034
286045
680864
281321
272829
288234
281382
197282
293790
181418
404271
393739
159660
689129
271938
469104
224529
389543
194188
273731
490157
959163
399216
291344
281217
457046
304032
289258
273094
284944
305027
235834
189820
237403
194253
269598
370108
304284
896602
496456
272587
291934
198913
194364
288765
309840
300638
195162
264405
272167
649099
350021
247497
293055
182355
1051635
285593
269041
403619
253420
298047
450349
310426
271731
265290
296823
281084
253387
457951
286748
394572
280563
407703
205494
352178
288721
179118
247315
425051
377405
460278
304269
949910
301593
233810
463097
214228
303261
194916
285118
284668
164134
292373
169529
292919
174803
225392
213974
280997
197359
395073
201905
290508
266426
732444
161656
285190
182292
636946
272558
245140
246891
195463
269646
281553
296616
275941
273788
296900
285996
244340
198825
160326
265673
1001213
283696
208017
286394
267197
292373
282467
287499
289562
628973
300760
281257
415647
232279
1030859
213940
381609
393290
271810
539161
214012
294991
285213
414130
284840
951518
290484
253606
293220
496456
463463
285939
303624
290294
282698
174489
274752
158761
198516
285676
245990
272234
768746
288913
517265
269827
380337
302445
193199
565197
294225
284888
299454
753460
287132
305007
407740
422613
195515
962030
277193
294648
471986
1014975
297616
274257
196750
736470
281140
407269
371634
259960
244974
268660
393411
398879
265108
409430
280294
456025
263047
196799
196078
311099
208060
291344
264693
181286
284838
352836
286455
207134
175827
283691
283877
255809
263031
999161
393343
286619
284833
403821
338499
287105
265434
272017
285805
258909
287757
240878
280429
404375
174214
276215
276578
196381
191998
447660
251166
304954
203022
464670
825384
298533
438985
384636
273793
421078
244383
274701
282698
209490
196354
214011
168064
240747
199986
196193
158803
284539
284408
1053148
289344
446364
248563
196376
299957
271888
461289
271097
204374
914767
245137
457277
164804
303992
304338
422450
202186
254761
403769
298883
202371
237992
464670
271192
196825
284298
206820
306590
206369
257027
284256
291544
282940
244603
195588
165358
279648
410431
246050
299440
200614
264462
216080
297940
238340
292967
213970
735873
305669
265352
440831
310924
265729
298697
401219
267831
238127
205425
329755
251147
425994
273210
345668
277266
417530
431217
290541
192261
303728
183883
566936
181418
274099
429932
280726
285596
211937
287034
271724
1054405
393400
299792
289345
301191
158901
286066
453556
298366
415872
1054405
214168
407602
312188
847631
302653
286908
296247
414054
1053525
207045
196619
284483
418574
196577
247847
327007
259513
290251
466530
267976
283990
272053
266392
270747
268279
196280
297252
287020
288097
540548
283806
286284
269197
304394
266392
230890
298606
345658
973152
290679
463124
426123
260599
310911
259237
265937
299678
277721
306021
638945
301285
267832
281143
213883
305905
423507
274524
272283
310520
183817
217463
292991
239101
271832
198258
232976
389543
304063
272289
166912
196865
288602
284866
276022
435309
271919
196551
302962
244245
291222
238310
295299
284628
445305
239054
465265
237135
247634
201027
213785
249135
273270
280825
265380
414831
298098
470737
953614
279946
171328
267976
411617
300994
280664
420224
394560
398822
257203
266331
194816
244535
268854
273382
1054165
274662
288831
417183
283302
235742
264999
458365
301616
314410
459240
463144
202920
278682
288913
285081
249475
242719
213944
286541
282091
413631
396737
196763
196875
245233
187857
266736
822145
288610
214010
414064
246569
289272
289127
245115
222514
195711
752714
279946
267869
300091
997827
308791
272639
456748
219344
301661
275253
418035
297890
442990
297830
396247
299352
222790
301352
265806
404138
414321
429475
196130
194059
434203
1043187
292602
183585
236299
361770
298511
247627
413267
268106
174926
265415
247464
265729
285172
289647
411346
279585
334687
267687
288284
269230
443035
248136
194760
198325
444020
909701
274338
873825
285858
404039
271990
273000
158120
198086
213908
206963
301490
266065
520620
245052
260137
350358
271081
195619
230015
265916
491876
299369
807689
288522
238101
636946
271098
240090
301763
255989
410391
843409
270906
370681
271590
286998
288218
196650
248546
238352
282327
181208
199336
712503
291544
310520
164846
251224
864455
231847
288954
260417
272216
293310
184558
730649
448320
160277
271810
195585
265765
228366
284351
287805
283974
282784
246562
274942
463042
311000
414064
247638
435720
290298
276700
250596
266403
293596
291279
993614
299030
446280
294635
273049
304972
280098
284078
397261
289071
197243
394063
238715
947339
235536
494698
164899
269103
280040
278967
261522
192187
297048
276574
457719
220396
289272
425730
199276
443340
560517
214227
276531
247748
222790
290679
425410
195851
286002
286748
287330
299445
260599
447725
260719
300101
286264
264954
276283
282674
238102
303302
294282
414654
329873
247386
1053657
265120
278468
286329
433953
262591
193389
268660
280485
266624
233314
344462
620434
736470
245808
260417
286394
304649
268243
194271
533459
404444
265271
393700
384981
239178
307711
162863
237224
298176
287759
422617
239029
400161
286660
290168
275738
235529
302519
463773
273793
304354
282736
255239
424264
406016
245806
254193
214228
209441
276322
194208
244215
279668
285721
334882
294289
286436
287601
393951
301638
297590
247972
284998
248130
280768
324880
244236
208726
419953
290345
460091
180126
455185
317591
298047
284811
381998
237990
297923
414179
289152
272584
285082
244706
238361
271800
741667
261173
280105
303550
427157
273022
255142
279475
285995
257713
415612
258770
398973
256409
289590
292919
266065
237673
430757
284739
243641
281954
245990
440041
414798
194780
311183
279193
433449
261507
252879
823079
593380
286224
280390
678335
195453
194671
191594
246795
292975
301178
161454
415545
971154
311000
274434
276345
409618
294472
253606
299146
229859
211828
261449
247631
379008
238594
239943
179956
259230
426292
238676
209441
275783
280717
229881
310039
462017
916031
235435
212836
436858
200315
1054405
160186
297909
279744
265363
273300
244636
218247
276546
284285
212967
460709
266996
304785
269197
253310
279730
254986
407698
182364
303635
279240
213785
271081
202927
288718
229111
196666
271550
265305
222784
179487
285423
194199
439908
209818
203677
289578
273203
273767
201649
246411
232184
738592
457719
195651
290298
286588
183067
263577
202371
248130
267401
284639
169095
281246
398072
249378
273738
224757
415470
289044
257177
271991
279334
299222
165934
299957
287453
286282
250676
194827
240333
904074
292975
289113
274857
247972
287809
266559
301752
782540
464397
287132
415549
304954
1040074
206832
869098
420214
282620
301593
205131
303210
246129
217436
463508
244781
269979
271938
229935
269900
401720
1014975
265374
298040
338932
279995
195311
186844
409622
199185
290600
345658
237571
246569
457719
273949
288284
366908
240333
286288
401839
255826
446324
446017
294243
282840
290347
626984
259791
271445
260015
281363
252075
489505
661639
304208
177396
170639
302445
304984
244662
283963
166802
454759
302807
447476
194575
393585
160366
245752
207145
612754
244138
551142
225024
807849
171740
403354
1055939
865570
715110
464623
284490
198225
272708
284327
212933
287327
267391
331831
280959
284246
303783
280107
265683
260183
418205
295822
273177
286707
245913
158761
277762
249464
289361
280299
304397
289891
444209
260610
283472
311075
239374
995988
395749
157881
195101
257770
335112
277193
272829
464027
232526
266331
537940
279858
275719
222034
196751
1050094
285993
232171
273203
174926
902727
300719
299074
330547
415570
224565
293939
405186
399131
284418
169794
393791
379066
280015
266693
933317
413769
272528
306836
412662
284062
267831
287526
311420
311027
1055418
557464
282595
301588
292180
284512
304998
285091
198136
395918
242440
284449
443822
301874
427027
275869
575311
268023
305087
221194
459727
417340
447856
194653
281076
283614
404168
274906
272409
272013
288377
287384
344462
158290
291787
244653
297305
197378
219942
194164
284062
268529
782000
278245
283383
589546
278682
310714
300166
266007
403486
249470
426335
268106
405531
869098
288349
1019791
162761
265309
261592
285943
259791
265681
300719
308445
291719
274653
310812
289047
302479
610051
279075
213261
434172
158830
445001
439739
193442
162161
201294
245223
273237
310942
428948
281058
232976
213261
297940
194575
273488
214156
196162
293371
283727
287662
301661
409853
1053564
196496
369872
454104
245766
213047
459075
238243
208060
269660
197422
296850
396433
843419
271548
296516
278913
250232
401700
280494
258086
240474
213940
286911
311904
641101
298299
192313
199462
715110
407702
201865
432498
289985
329868
289045
293457
197676
196499
272294
260599
419949
239178
304998
400103
274215
283512
280683
908319
313497
238512
175258
196534
342886
411617
342229
284709
266172
168238
237507
291436
413631
296229
498264
247366
283511
244918
196491
273880
298262
272006
689215
862914
290467
273392
228005
303913
293795
890044
171740
238219
279774
304261
273671
266849
269946
244349
196205
298142
393290
158534
392985
244741
278044
334696
305493
418587
520529
279887
440527
304394
464084
265501
289579
285442
277809
215718
209321
290952
286351
285474
914767
273707
997827
289095
447163
570988
288108
270137
277311
272567
263710
240090
274615
278967
406043
294310
931713
268837
268719
289255
297590
809657
285660
793699
286509
464870
196497
447163
578704
650928
253951
282873
294472
439670
310097
563628
293621
300101
581984
287665
279582
414799
239719
179118
276401
269728
756150
457719
248337
302582
462231
309770
295744
286034
430109
272011
239364
286264
279610
363056
414186
285360
401667
160652
252946
279784
219280
461905
421677
173504
286291
158739
285712
305643
463521
217509
245621
261395
283132
296464
273203
265680
171258
244653
194874
502093
274160
290061
277626
197814
299177
259295
280452
244032
280524
206591
412707
307012
280014
208060
283213
1055939
424500
310792
225139
591433
158550
199185
264573
212102
270737
275543
265475
685833
209810
280562
354456
166368
295822
272127
237007
273660
311148
282376
253310
275218
269827
298929
244038
224969
283147
205204
281273
274578
195579
350416
208167
269106
248130
179096
255679
428304
276161
415660
443517
268023
212798
266785
408223
283969
219278
639530
255304
272008
238406
457020
246003
285213
596993
668206
405989
253586
285155
271750
470458
257639
194153
250460
291934
201116
285628
251282
194187
287380
256354
305138
311503
333730
190428
861334
416673
260347
303494
207820
237993
286002
294310
247480
310609
310688
279130
402271
283768
310942
305045
276176
359616
213261
283991
459559
274854
237180
247638
268058
267420
720377
301070
273270
416673
237092
684190
439651
301457
286375
269827
278577
297255
424410
229111
957932
288335
273769
429415
812158
279748
396431
203886
183120
253519
671618
224112
270323
297149
239103
196050
393357
300101
246003
272829
224552
442057
266663
277663
560517
266754
162505
260719
205918
281063
286436
311233
297045
272436
219921
292626
284784
192154
463434
305024
214085
310806
249511
266840
288335
237597
399375
245757
254903
209816
277721
311632
460328
294770
310023
211761
310063
254499
265346
268111
294812
273398
283426
192761
194428
302670
806746
272637
212618
311070
271499
196268
234732
227830
304331
425743
304461
196599
292662
271722
311608
303852
415992
280797
300543
286622
294180
244007
260385
607710
267885
288223
644130
258194
299962
283696
286246
440588
236298
237281
299206
822145
287394
195619
289152
291436
259555
424284
948115
228971
301013
573285
254851
160326
255726
300621
254650
303510
297124
295912
407774
287805
225961
273378
245752
273952
409606
244664
197673
284175
190157
275369
212992
302807
295744
398261
438491
264589
284261
304298
304315
280516
261410
192563
224973
557464
158534
264644
203292
303970
393408
244057
276212
434575
458892
277797
286171
214065
216117
194038
244032
252954
285637
280440
290522
195210
410257
263175
207459
280095
285637
451589
176057
393585
260076
686406
432450
276505
960156
344146
280215
269647
450252
291909
273930
418216
227506
264326
421793
256931
247925
293457
286228
240157
303057
248205
265374
229111
305152
432236
294282
302703
281090
243942
271393
265741
260385
401536
175113
294612
280586
266202
311372
402028
287293
226377
198913
305046
244364
217851
393431
232442
748095
269900
293055
463192
257478
284408
255142
251731
269235
311503
195772
288648
277197
289659
415944
266559
399986
415137
271578
202371
277642
287805
413715
252039
837553
953101
560521
205095
278044
280644
423088
656931
160650
252786
286394
456998
393470
280783
244720
288884
274622
352074
269637
263031
304786
196496
297079
283873
600156
286621
180662
245758
265337
352514
409853
297068
930933
426962
268860
254776
195334
276692
252071
407125
158389
969982
280336
239867
446360
307450
280054
446308
425724
1022949
303426
407667
294180
281236
253798
249221
418988
269102
251446
274724
304709
435253
425824
194322
227083
284327
273242
278551
260366
282938
271929
253122
280803
279050
254602
289175
287431
405849
377158
159211
281690
327007
304040
439739
247362
457878
218725
293250
311701
285387
427551
243237
401142
238243
289209
166150
285787
409430
285423
196751
158692
245218
409326
283976
413962
455111
281892
301638
269598
238341
300322
915263
960392
272109
302085
311269
289379
353481
233767
286249
296521
256575
194199
213787
281236
276531
428304
165781
273045
197061
351345
208658
307528
306756
157915
554476
1054437
290345
290114
275369
604030
268660
442669
247567
282473
300396
269127
895454
269728
285390
286276
310805
177033
204289
464547
279512
459636
286431
302083
332767
271938
278992
198121
280574
184612
303647
273731
274175
1045838
286379
286856
297590
462231
210429
220647
237565
738592
774880
805087
271999
274776
209490
213883
486959
434119
287419
394105
421793
284635
304037
256416
237827
1022949
273903
248936
310792
279505
464870
280430
288765
266329
273756
203677
254761
279529
738592
286588
302435
301665
286927
239029
214299
296516
195522
289127
307711
278972
414082
384109
426253
310975
287795
158565
799075
288774
302730
273193
271929
287601
305180
642268
280651
273049
582108
284377
281764
204127
271748
255526
165459
300543
462231
280477
273981
787972
351054
516611
252146
576321
275941
280979
404730
273913
413984
420013
364807
258529
237475
211117
365832
195833
416221
246398
280917
770555
159227
289158
251405
252096
309770
226588
437214
270135
437408
399377
421381
273948
193983
283132
345658
280215
274300
214190
283213
289584
344212
305198
244084
290179
416076
283063
303234
195201
269598
276365
396877
299541
204024
281422
420893
451258
270482
939317
894892
271755
435495
214299
402437
423113
275447
302304
307590
237087
285899
444089
266864
274701
399319
236899
274735
213235
922431
393454
196478
204028
269914
238575
289568
420488
276531
261133
222914
380024
252871
273441
272859
269946
723557
905252
283233
304023
279130
273001
206698
163402
196870
399457
164054
220875
279355
406991
591433
243088
274619
196457
210009
198822
377158
300545
282239
296247
291489
290726
286654
295445
279044
293121
197115
272079
258037
257897
1054976
293075
275655
444515
417074
402895
287031
498264
406848
273062
284012
237190
188993
267364
194598
213158
413631
281358
272230
276700
273940
283822
399951
181418
989857
277099
231809
463319
196972
683209
198436
293017
213908
287092
414473
272587
433766
421078
291188
1053507
264727
274956
209773
300984
158470
284261
342886
284323
425724
245432
279852
305156
373207
244533
214561
195579
276158
185301
334218
274962
159174
304376
285510
345658
209773
279296
194578
190164
246024
302670
354667
285055
286009
270839
288774
304241
435309
191157
291192
291422
254512
826354
416232
394065
280229
300053
404365
282214
301486
290913
248300
287042
283132
268106
476506
273913
249340
283755
306590
301669
289113
1055513
213992
275427
555380
281305
405186
278139
274586
191620
275997
238243
286879
305377
456967
246187
420590
361770
282937
301178
293775
284599
249266
162505
285995
634431
293486
290613
244702
249266
229947
424641
308581
771692
430109
716425
280547
290346
299254
284663
297822
299096
280229
520321
645827
158579
311197
273575
975429
178747
222661
290522
407583
831764
233314
281224
285349
451533
237203
277762
256354
280137
464742
280372
212439
197038
291466
961357
275477
284062
289083
215494
290759
294204
570272
194796
451431
216550
445731
386539
501091
311063
272538
272791
618209
418574
275402
306311
909701
630575
244157
310942
247395
196703
244121
273474
216671
265759
511884
299030
290281
290179
464623
266819
206647
273469
280917
274088
409514
276735
260183
855646
400717
269976
289864
274893
446022
576321
249475
419673
430986
286707
275114
239247
279774
265009
194883
234040
195220
198675
265466
425724
416596
191620
211868
356889
238472
394138
209002
393742
174958
215428
273951
393454
283147
302113
252517
279130
195311
295952
201116
399989
183258
438441
321019
286488
431108
486860
865570
197243
282048
258529
472060
273429
464364
244396
617053
302443
281447
443825
292887
248082
158550
166439
283262
297225
277704
923518
303325
282243
300064
414325
287384
299884
223325
302552
383475
285637
268152
290764
1053547
213158
266785
290959
281246
294967
194494
287929
268335
728606
289062
914012
195101
265916
159156
281363
397309
282607
212967
244769
286619
414473
245300
244910
231629
402882
292568
418685
199314
409514
405722
237277
254121
265912
277132
182355
407617
264693
893774
227506
281276
235595
244790
280205
394910
186022
302485
230918
246629
286826
276520
196031
237224
398562
460307
304264
271722
290172
244037
189521
196121
276989
447113
292626
246036
273051
305065
265537
380680
409853
286296
298533
301627
245366
285155
286353
197997
209816
194153
285853
212986
160105
247972
464084
285032
435671
235529
274367
286998
195851
286879
297079
294819
307240
1036119
194780
170866
272796
415393
331310
440565
289977
186961
274838
265501
237436
269577
396499
237325
288796
273487
298217
286459
289804
720777
305233
437576
415451
281733
240359
252299
204137
275038
285237
298225
201649
279075
304573
263041
346585
280586
275695
254761
206993
279730
282011
308885
195563
275253
289095
235300
304505
284644
799075
210751
265486
196191
464084
931713
404787
278997
651760
305075
290401
845888
299352
208999
284201
413965
290401
159767
196708
394067
272474
268719
280461
247356
223325
301752
283519
294111
230947
296121
244043
237844
402437
269779
245130
184331
274048
300719
372994
196986
289810
301178
175930
273887
237691
286846
203926
243373
194399
1041141
301588
279193
261522
399319
302842
428402
304345
820541
307590
254950
268245
946023
300067
268319
243373
269103
252742
399693
276153
439879
284996
268869
312197
259313
283635
245757
196701
255826
199928
274414
436033
157999
310097
463491
290199
310023
440976
296072
414207
274715
274115
196703
271284
413698
158227
279132
298262
300219
209899
205420
256526
194894
430732
281182
425724
254913
398822
259667
287396
524441
295822
295990
279619
161313
369872
294976
273169
401071
160277
284764
217041
208760
306554
417389
280187
264660
237857
268178
279193
275579
159987
299315
435751
895454
289394
301724
281890
409927
197243
619251
285604
409558
207033
245107
285902
194640
463521
276300
303920
396717
287054
384636
194670
162760
184462
255630
158011
873825
298972
196306
194498
285390
247110
294588
253817
269475
289071
422031
288320
272250
420013
269721
274408
271731
424545
433105
269235
470737
454114
906277
265217
293793
269547
540548
275308
352178
247785
289121
414186
258037
253122
280238
244049
280310
414563
265729
209899
294430
283636
447476
243088
419636
281781
269647
160600
236277
272532
157863
227105
942226
451575
195189
465752
432250
433500
428332
234732
563980
294722
279678
252466
286444
310815
266471
285505
299654
197673
403821
421677
272009
302670
290541
398822
273864
159156
196196
225856
247807
401071
174214
175993
282045
234916
294203
271858
299548
160650
196875
303506
157937
297807
284126
163131
296182
286111
419200
273302
768746
423367
994691
219344
231591
259546
418610
208594
287954
297057
195268
601119
273634
165061
867838
288898
272523
303549
284546
197360
298217
250481
300064
295324
446350
303843
195173
533459
303657
302289
238406
285155
281097
282920
451955
284743
250318
407550
282920
297079
268874
280107
290448
285122
160384
403963
678335
281450
259235
269270
463112
401040
827853
196278
300880
237180
293371
194251
280889
183164
247598
281612
249356
300968
295621
401910
196870
195144
296332
237325
285763
455203
398784
289292
236091
276094
284998
290609
198004
498264
280440
285178
560534
439889
309245
462285
196650
272560
250121
439739
657099
303232
290624
451504
276452
289127
313497
158598
237203
271483
237176
196764
286177
934600
247627
272035
462162
196713
288522
412456
301724
268279
422613
303772
254881
414054
297184
295877
237845
250999
297214
458338
462990
272329
274767
158464
485351
237135
282884
281054
269830
461296
413925
271838
188021
522927
427157
237254
287122
253214
202985
278175
209177
259235
302088
463124
284931
302280
257679
289936
198520
192261
191998
420094
610705
311186
491876
254899
829008
268111
302445
246578
446308
310615
260566
402278
295251
256692
929491
215284
290982
280843
275402
1048441
189814
194321
615964
195333
279833
432250
245022
305493
299486
205634
459920
285155
280399
196631
856520
281375
295877
304791
276821
198541
268856
427457
163665
196599
302711
266125
323318
307911
214595
447660
204720
462990
304117
280035
278873
284327
244364
237864
276197
1053833
302485
265490
245982
269818
311462
274223
422849
404414
274408
490144
298133
285617
259918
285335
179184
282733
276158
284866
305305
641200
267466
307450
286998
292923
278719
429690
309245
269311
456975
421677
159174
288353
273932
311454
194580
793699
292602
158327
274289
204100
399322
268023
299678
244790
402236
304402
311175
268545
875792
277778
513054
339735
287665
233820
305007
422758
283901
299861
265374
277193
277320
195179
160434
635563
390954
248174
305345
284739
446430
287282
361770
265392
301941
286593
260913
162761
273235
305220
196330
293741
163131
464870
266592
300853
407378
238594
199314
358106
248002
302205
280374
284847
407781
440831
832436
591286
265282
270844
195579
284316
279594
305180
459559
1055059
275719
184558
267525
299074
289272
263502
750374
299583
444209
350358
222784
329868
449765
196667
289220
196972
275402
238310
433464
400435
295884
269609
304562
278715
196135
160865
267318
304573
249511
265620
303919
303984
265962
278044
187946
309534
275402
252871
292809
426962
271755
295744
284242
246291
289344
200919
272291
281359
286522
282090
288244
265290
248986
311503
158761
270906
300545
289044
311372
266736
254194
305305
349997
307528
196098
434060
248298
293759
290465
281321
361770
196577
265736
244703
399369
198615
399211
291262
279858
271938
289109
273199
277591
284021
247552
284097
574632
296694
310820
288954
304477
275019
281944
196875
200993
275744
864953
195361
301593
265680
174867
436620
400132
