273431
414130
279594
302289
838808
195301
273736
237507
269915
414685
255826
256029
402895
276938
285320
432627
299315
294889
265217
280645
949910
282467
311029
259384
206963
269400
260697
173000
200919
286375
273756
253366
195220
265359
268043
253370
274257
248067
283521
280311
210010
267631
964989
281783
242831
278080
287165
407650
278202
701101
304465
187549
290243
369926
237990
458306
264727
1039766
236405
251440
246610
298098
196811
292564
272153
399867
277591
158750
237191
311175
922431
213785
237159
290522
280073
303101
272227
425051
181418
281396
311316
243614
279983
280761
208167
184872
400594
914012
214581
248067
391020
292911
191620
419985
1051069
175827
813169
194615
238472
265044
320331
183817
706548
158227
214970
244706
254903
287757
276431
270855
196017
265411
520529
310800
461984
310911
405080
276007
393716
279544
220755
212731
436197
265594
238913
289244
303668
797725
277262
288796
276557
268058
285535
235692
402028
263193
175586
307024
396431
271986
205095
288264
298185
293457
271115
260473
306434
285623
413980
283509
295212
365905
280015
211944
280250
287862
284124
214043
280465
263889
291875
296681
449169
289481
237255
304394
157999
304791
274351
289855
266537
195579
290914
341115
280917
394116
170644
286433
281761
276199
276129
275519
277531
237781
266322
279730
408825
415451
295360
280921
418255
407269
225089
242068
163593
272257
227073
285166
310800
158113
310169
265673
277134
805087
280014
283864
273667
268660
303449
194271
284210
238594
196282
190157
284977
289158
285169
263175
172022
266642
245231
288765
265914
877288
290219
214612
288954
446308
291116
286438
180782
305068
213822
198004
1054822
277983
407722
287665
262156
303302
283910
274223
1052089
310269
201865
302464
445186
220849
159892
405578
851123
265937
248443
274579
188180
310175
268795
422077
207433
387611
288796
278874
289936
285190
554476
281500
231746
265415
353696
387611
394217
275477
280421
276136
284817
270583
398676
310941
204024
268529
280993
269197
322310
237277
266624
197022
269637
272011
275744
287759
404355
278436
273860
311372
420305
310788
254324
280280
397872
290284
829543
303855
267824
260424
283118
174803
449136
171328
208017
261694
238889
280422
279044
263710
263779
228005
361252
302485
418035
194653
254977
174417
275378
227073
405325
299030
448292
283132
248449
1054575
293470
276560
276805
299358
418188
407650
250636
231809
196085
413435
267631
281281
245758
283262
500294
195054
281704
437273
292615
204092
244037
281971
342092
214114
274512
196597
326497
273952
294629
286282
477125
286693
302510
443822
290175
298019
208247
277528
173504
292923
282884
276322
291787
265139
621561
278531
285467
444136
363041
212731
369460
864455
195522
298301
238100
284067
282257
253899
255142
289332
279952
297880
185352
198034
207731
916744
270762
233314
278531
311891
265866
172540
289664
311254
194264
296143
282840
254761
274662
311859
286509
193047
404730
238143
282257
278680
286289
177881
255804
887068
271483
207303
434463
294000
442655
242605
238178
419872
979707
238283
628973
305868
285723
278850
287499
215734
243798
269852
1053525
292995
179311
371526
289978
297589
276112
273788
275874
280238
160652
243856
272899
276322
270855
276019
284917
420590
414834
311097
629964
196751
424122
435751
434561
280098
249271
241221
303267
285237
286419
194199
285387
805130
420590
265363
213785
443035
191157
244603
300750
308170
198422
288946
270906
280383
411617
306460
232646
251763
184612
238178
