9105904
7797480
134868
13089424
2408376
36855
1101158
870
25277707
2278776
15979670
7532
2789342
730959
16210230
10440706
115947
1123747
10246
7917492
35
7966773
384890
17506276
18
4237499
170988
92238
1850235
4474173
7888493
2756369
13765364
28195108
13799946
99150
14273389
1446254
954857
79543
1056710
6699772
535233
16417159
21071037
59360
56593
5740
744145
189749
14905966
681713
284406
216022
1844138
7573643
3344485
2264908
190689
2522036
14421351
10980788
1342472
1653
5073
93924
1713412
3101963
2616
19565360
1550990
34165488
15252603
8048057
2507037
500219
140498
2625704
1094258
1096363
4031308
134182
1899945
1559868
215501
1528
2602993
0
1453301
2514024
9218728
2129909
8407800
647198
1108289
113962
528839
4378819
5651829
6181791
1014
25899139
17943978
21931126
7022903
113588
6736807
177576
1407192
132363
202795
6407915
3860274
5696
5614232
6033700
345215
23902948
2450259
671937
485794
37766
13625184
336300
4151348
13923628
152813
929823
14705081
30346177
943475
1376122
1842065
146087
21616140
6443244
351404
4638599
2
330281
8296894
1237620
12640
405948
4427426
62611
4562477
10975
14448964
945
636731
13002
951186
2118621
3516547
4630676
6906243
69594
181234
292383
12396033
384784
28466
3049210
8665902
16005546
4470679
4112893
223674
1226804
1503584
854801
20464271
778400
5929016
1963793
4615433
1396232
2532110
1254374
25267071
655018
4183767
20654100
7146217
108
26398
261898
229952
1789356
11661783
15889624
1714888
7501922
1113201
1286230
695558
63350
413840
1422252
341376
10900075
5220427
4553476
14896
93750
39025
4835287
149613
2328
1203350
731319
23924320
638499
1509079
13280236
3123694
25590455
2517571
8135794
14730865
1555393
1442117
1282867
28738650
2590303
866724
24225544
735
19737311
11618830
14567193
2134169
12342825
18735557
7502
22747
12579165
3204
19010003
1577491
6667431
195107
1885910
22385523
17398214
10278963
45677
4340769
7894159
279590
5437905
35236
2200059
5805947
104249
20753148
5602688
24819716
1492585
4703852
500515
276542
2708207
3960468
4694553
4240711
556090
5386946
25276684
24151282
65765
4828162
2399928
1222
12831436
5767923
378048
18527644
9464300
17881253
4225365
4416279
5868830
29450537
537453
16536195
1442914
336106
4948101
2
15731549
8882298
19116382
3038992
2572936
11556551
106119
2781169
15946
19983549
3154081
6590
7853375
7819
787483
13448758
11849804
15699002
1639006
4185254
1074020
13013553
143389
19944273
15475856
4806671
2140567
9697258
24316712
124593
3590399
32
937966
13167212
77931
2134543
2256565
6762117
406190
11821
3643
13100229
3647126
316264
30924567
17877110
1098335
14407714
15792278
9986355
288314
13010057
79574
1464
295692
4761580
2337604
986126
762856
5568758
606
7345247
3929258
10624300
23845651
275233
826667
814889
1649550
437281
12575262
4309400
4715319
2663737
26218506
2294017
1133887
21553608
352
1547828
5759787
2295411
835827
296859
536818
320460
278293
19259017
1718475
1948020
8693827
604419
2783161
23319461
13369614
11334186
14636664
5595091
78925
6339628
1228160
243914
57761
570497
9221185
7472382
260
45455
2745964
10075555
1423778
3755115
73906
2415
12843487
953895
5335866
4079684
175754
1103567
8141490
11042434
1582181
67057
9750099
10444
6820810
1349732
933122
236697
12150390
787996
5166665
6221
167585
0
989700
3087510
25092001
323355
715623
12576682
5327969
20465173
498128
8644
3760223
16464155
4112016
403585
75471
4555493
11130322
3894938
693
1435083
18637
43494
519
1348862
337457
222950
1824501
871
13741183
9882400
1272446
2206484
3271744
523487
6641967
8528482
17637401
12548322
727619
518929
4480
346486
2366234
1765054
14277625
2125460
11076872
24463084
4694793
14483120
1751245
1409269
601055
18353268
6702890
8029750
378
1009990
7111384
496271
3488829
368792
6653155
456
3214069
384825
1569764
9416328
1974370
8434069
243301
1557008
17374812
1289497
19798054
52715
4877672
4385133
11888871
3861380
5966148
4462843
14269805
432283
5595463
18677838
5191
11256855
4926255
254421
1768397
20658295
4603217
3807048
6581585
3897862
39746
5175701
2328007
4379168
10528478
9027437
8589738
5021
10605033
4050176
14603171
3505283
18921208
259960
1757072
558917
420230
15204896
18959967
390365
11920965
5284836
893093
1007652
549559
410255
2255567
24152237
200974
6437164
2771056
2963036
5921649
7407
611184
4715382
699759
3517187
8055774
9090380
4451718
8716686
5963211
178362
18870445
14557743
7231567
224
54110
3977416
950
200930
1765355
1272335
252547
87
3774345
1440612
1990618
45774
2507720
10491659
22596020
73306
384717
552135
624038
10969900
13647084
28813049
3530618
40269
345124
3108767
254974
12062014
10190497
5023509
23223282
3224116
1906386
9831839
607
725879
5119619
3122738
108920
268556
1138540
1539791
4208972
525728
5244246
2906831
7316987
2413
295093
111292
12651732
0
6491116
84371
16110459
4374397
2577368
10506
4023
11099978
103550
3402825
1395558
5900085
66832
1466568
12826115
16829
444618
1856202
103213
1280535
8080
26183853
447673
5752062
91011
10830033
14221447
8780201
2648725
11538007
11219267
671459
62827
10434777
5125763
2896136
2925098
131486
6794396
3307751
6287013
13120531
7809937
349282
1696323
1696
107811
170123
3225798
978296
359827
15576127
2165250
2084838
3816143
3486
403
8898572
158399
174811
249425
823661
11686474
1734408
326758
6185413
71194
13512160
1531597
9744363
1475558
10809653
251828
4946952
1962248
7472781
3833551
8334
17805679
5576626
12963108
3395127
31784873
536589
52417
0
4851929
3137294
502813
1309654
11496109
609089
39100
24198484
286758
2491
8207263
11246454
101956
38976
3875167
1942763
5636158
2582565
3107769
7672853
2461136
13345787
4024244
1636757
575895
5681458
0
60348
2599140
2908474
90366
18996752
77232
4280857
7434189
553087
1936320
30679
6713507
9460100
24081855
15197291
8962589
9914286
18707
1184634
300718
13407526
42246
7776
17915978
3021828
598653
2751700
1659287
174620
69681
4986
5649
85256
8
16494
179104
589439
2025381
2049999
16255096
465
59743
884
10063141
892496
2248646
16483
4383959
3985296
95
57250
240170
14566167
1434022
13879294
13704444
1283629
2021548
375951
323118
14346
778225
1626924
1510
6020684
23576383
324410
15446213
18656516
7590083
14887835
7014393
15919286
5842735
164573
16410149
21616930
1127916
1760590
494116
173715
23606753
194719
6131105
10669835
7605374
265525
747688
6795825
10525586
12766445
645944
546155
17062587
1276327
12883351
8664140
2873406
17746859
4850098
21646242
9301826
6889879
1960289
598522
8601287
32840
13696312
5638738
147726
548464
5087907
11921194
19169034
12466139
320726
19536291
4224265
7471085
3513620
8073474
8413407
8001815
489966
13354566
3986010
43269
1477746
808081
708714
2736524
4022864
400442
8771896
24728471
12605310
261235
11292822
2022813
7822
8839113
130
196040
12444477
1101634
187172
7968204
576021
8591
3499857
295620
397631
1646096
143
6213399
7933125
670533
1813561
3230558
12812879
4953770
2750473
8279287
1525141
26956531
1104695
10068174
8578320
1576034
1343218
369579
10343779
905791
173193
13071765
89037
4959380
901602
2102190
1917161
162906
378947
126223
854668
6915533
19875
3691473
1961
1239099
8384
88824
2004077
67987
1094862
629408
2145736
767754
445649
292075
18965177
8532495
8318709
7183114
1080257
14589372
219611
349397
17083771
1041844
2188168
7387243
59906
45461
1419587
17599407
19530830
332754
1947
341312
1297859
2011118
10265176
10249189
18293739
4878783
13172839
1491451
4421169
223572
23545
58858
17894305
1991
1733
904088
4542595
0
33397
3287169
189403
2486236
1400620
720246
12373
187775
21972125
7099825
1659580
116
541437
2406641
925331
11947542
3709
1410101
2934606
13119254
18703
10954943
126991
554296
327254
1191820
61558
3325867
11719713
8052521
5815760
4556365
4846862
14244469
7185730
799835
21555152
8990
2299926
13009054
9932094
4321938
30081
9162327
22444602
10561059
8596827
7233748
6711060
2506111
9481849
4511151
8370269
24962545
209268
3326564
1344503
8135332
2802321
12769860
2874722
6275987
5492368
294955
283
23528789
8901179
165343
2129420
180021
2948947
16537082
1138990
4364617
2586085
8711
3108884
3455303
4602930
6727
1966
8221657
495441
2653
6428027
641531
2745
70700
841337
71735
13916675
4070746
5053501
5424443
993362
2854848
135516
10876035
13056025
216472
28405533
933059
1058638
2154817
5822142
3230734
6411662
21199226
4902
17005933
159101
24987712
9656575
15522
10471197
994663
810425
1192457
5851903
5749514
5910770
1392316
91149
485719
1938645
521087
4895511
363945
23325362
1100269
4527739
15042819
688926
2254279
3037107
8392732
5839584
13992784
7724253
3169022
39164
3495796
285
137231
14704778
25735187
4351147
23879675
10564778
23340
885754
5981111
17100700
616220
11505989
10534825
12948501
899048
500837
10066803
182044
5178978
7436354
2275695
18641636
322256
9
671595
142262
2674540
8894065
0
522694
3649
6395869
9266606
1588204
7478996
97655
4798
3286
10015195
12087
5405894
29601
161325
416694
16999828
733722
9808482
13074
728286
8535
2752811
2277491
100
33898
1490156
3732895
10839212
11738844
4275306
5018981
213382
2901542
5360456
3316627
465
5323548
12100681
5438792
24843606
3966028
1331267
174091
16381
219491
6812738
113342
604840
135324
3122705
1921640
402635
1548394
559851
6834869
9407926
968239
23583914
7910190
44916
106001
4426714
7850168
3909
26132086
11881514
278816
8860106
479128
868109
62929
806337
3956398
101799
5380818
1366951
5835577
1536036
10711230
798847
359062
8499197
7632554
1796979
0
13861839
10041251
0
2005272
4611615
1249470
19987678
3858653
4624565
4004487
781937
14658958
130268
263
2497049
3366607
1632310
1380556
97109
1446868
19207052
122550
10964470
13145765
2012492
20766398
26653802
4264835
1108208
12801981
8315540
133789
3784393
648668
10603474
18737186
2904408
22925803
14930
188339
15531334
405
685247
7202730
2189422
18151413
1147704
48920
498128
23532
1453510
4134232
2508
13789924
3444611
238828
8771433
8296172
117715
694154
1055310
4894244
7595275
6426649
4536237
382422
13181065
2506646
954357
172064
1768881
226
3897894
15599501
5536819
9367046
4793393
9493423
11448656
2933699
13932561
1226247
6123
572
3509417
3113228
58551
9911280
196435
1860294
9056715
15667498
8467881
1970841
11204551
452548
1343301
473686
12412906
1814590
935564
7789698
944728
508242
17680922
15757125
2180336
602224
161109
1686119
8099196
235179
9125505
1304080
162326
8101180
4582936
2094292
14746
5816349
9000
1546932
7716767
3137315
11658194
8384701
5988
3570
10710642
2796407
1626003
17103660
33287717
18719263
20753
1046742
785881
105666
596941
3749877
2251
18560309
16200
1496493
26734
6997710
4206192
5187623
232
2839313
2690937
3476833
47558
103547
11322051
410137
1521704
5146589
200042
3624
6935398
22292
7339756
436062
20539924
475765
12521575
12173899
2448
709
4531090
2421406
63400
667049
2502147
1493653
17175434
10000105
1544348
401891
793125
12103879
3839368
509232
8296251
1357043
23050851
7326
21294823
1171937
3705009
45671
110678
1573090
4064711
122316
769004
339147
18270725
10757301
1199322
7686534
3500417
14050205
12842484
3255286
4935736
4720675
69732
0
341
47389
600601
4037162
4775371
7424251
1739122
11034742
16203087
1900640
9138602
5593527
6117728
565042
1678858
2957734
6762814
123459
2592241
3616205
46113
21389790
10204510
9138971
28187251
3582248
2023841
8252903
9915642
22145342
6206770
4607018
74081
1363242
5196276
1569974
2781205
196000
3453882
2185067
1439817
618446
3530350
24497591
17064902
1630249
215302
10457292
7955145
4633409
13457555
17867254
130567
15534528
839579
4291813
26929
16522283
38280
2450561
1946120
61653
9612509
2655333
1860630
11786598
2000550
5933
5187871
9880528
1889970
1786
5122196
11148
3151546
24137
303357
2446240
8652594
11629682
3137892
5691946
580291
7305827
8429974
870234
873289
36866
2497081
16302111
4984491
2340557
460908
6979907
2205510
12969445
0
20185662
14495485
1444085
157437
464867
5164550
1816125
7055054
1895599
1535
15496
207988
819668
10411269
6945649
229539
428694
1698887
661
150727
258696
2547608
2896416
8192208
787638
9059713
4614134
413912
177587
6908036
474688
5555566
6333406
3492424
4105748
2460214
3761055
6786053
7002426
51927
27110
536349
7009820
427632
349489
4076917
8745020
77994
17120789
658145
6050981
29930
1567836
3534641
2447248
20380
193307
151371
1136129
23839
2802481
3068340
94823
6588912
4174453
14611507
9609363
1998683
14256760
487428
2704659
1394
1350314
382537
31640
45989
4007484
3445599
1304482
14872069
3068709
2876690
3162774
1079695
4185873
130380
1385
414
15592960
4163104
9956558
1038945
2463065
928340
534945
7998184
22025802
341582
2698439
4343501
5853256
5260969
8185
195036
3833540
15131
1172170
10835163
9590510
998527
13523923
8042555
18356521
1022074
6780344
1943112
11786750
377299
14055922
894
2230860
1821063
14144740
1053537
749834
2629660
72
7707933
1353363
2381543
1988511
169854
5600954
19314461
13600573
3748212
197623
105818
196044
2577561
2964597
9473520
4999172
13024158
11210150
164766
227591
22321731
2460897
1119078
283145
2978686
1351881
9440053
22608712
7006495
541821
5060148
272851
4459219
6659846
14843690
4427297
4983550
2587575
1670996
2040019
148437
4165142
4110
1578012
14694636
20159984
40505
392
1790066
2478327
21646
4144928
5022197
1003081
293809
6921767
15791074
4040697
1766393
16504390
13234772
4552370
6607694
2085603
2254
12391808
112678
3363566
7777579
690271
154890
1663223
1587198
2612109
5430004
4763803
20272640
2327590
88278
5648699
1173639
3783198
23105417
186494
2699485
11320960
117400
9070420
4799090
37225
325601
11145242
1204368
3665805
2029995
7587471
353821
65916
27984
409892
574563
955860
13971212
13257175
25442471
5955710
578406
8632068
141
1197721
25859
389737
10898913
10924436
8186836
2776689
14007393
1124544
13874471
1190460
3157
4970195
378070
12875343
25700667
159
32985711
664624
564810
15576483
32313397
6404065
28387365
7068989
7521
191897
115519
25573
88400
474392
923959
55546
5957902
1885600
2677
1193021
3141510
231836
692952
10452503
695884
11286097
15555262
964775
16044398
9447240
1743749
13691928
2147741
6079047
1181555
93247
2722721
383606
356795
500403
347523
6802276
287673
13296741
10179440
10
10005061
3312955
409724
10227777
158
7170207
5925765
1894864
81092
326483
6534605
4860733
21606954
1832721
337093
14389554
2294644
1666032
11871442
213139
31249805
926125
35953
5677
2896713
27125397
11783849
2164898
6522297
7076308
7397745
2801123
30954
103027
2116095
1979
2856052
1379950
6335363
77720
327004
3361772
2521896
2129466
1151074
115773
200609
20800
505831
1903143
4481492
18128159
719396
27629794
8011844
86110
9317739
89032
5445666
2900838
26511
80220
1220702
11415734
2210774
651227
12730433
5410084
171498
168035
654795
16772228
407615
6221300
2013122
12978094
1417797
15056
163738
178297
2011906
17339912
23512534
9708047
2606874
339557
126700
16533040
28218749
1072121
1493130
10932957
160710
4381001
30127296
3177160
231034
348827
23080
