0 15661 14094
0 15661 14094
0 15661 14094
0 15661 14094
0 15661 14094
0 15661 14094
0 15661 14094
0 15661 14094
0 15661 14094
0 15661 14094
0 15661 14094
0 15661 14094
0 15661 14094
0 15661 14094
0 15661 14094
0 15661 14094
0 15661 14094
0 15661 14094
0 15661 14094
0 15661 14094
0 15661 14094
0 15661 14094
0 15661 14094
0 15661 14094
0 15661 14094
0 15661 14094
0 15661 14094
0 15661 14094
0 15661 14094
0 15661 14094
0 15661 14094
0 15661 14094
0 15661 14094
0 15661 14094
0 15661 14094
0 15661 14094
0 15661 14094
0 15661 14094
0 15661 14094
0 15661 14094
0 15661 14094
0 15661 14094
0 15661 14094
0 15661 14094
0 15661 14094
0 15661 14094
0 15661 14094
0 15661 14094
0 15661 14094
0 15661 14094
