number author
1 171
2 71
3 104
4 92
5 34
6 71
7 60
8 34
9 54
10 43
11 22
12 31
13 26
14 18
15 26
16 25
17 16
18 19
19 16
20 19
21 19
22 18
23 13
24 13
25 17
26 8
27 9
28 10
29 10
30 8
31 4
32 7
33 13
34 4
35 6
36 9
37 7
38 8
39 5
40 4
41 12
42 5
43 9
44 8
45 4
46 7
47 10
48 6
49 8
50 1
51 6
52 2
53 3
54 1
55 5
56 5
57 3
58 2
59 5
60 3
61 2
62 3
63 2
64 6
65 5
66 2
67 4
68 2
69 6
70 5
71 1
72 2
73 5
74 2
75 7
76 6
77 2
78 3
79 2
80 2
81 4
82 5
83 1
84 2
85 1
86 2
88 1
89 1
90 2
91 1
92 2
93 1
95 2
97 2
99 2
101 1
102 2
103 2
105 1
107 1
108 1
109 2
110 1
111 1
114 1
115 2
120 1
121 1
122 2
123 3
124 2
128 2
134 1
135 3
137 1
138 1
139 2
140 1
142 2
147 3
150 2
151 1
155 1
158 2
160 1
161 1
162 1
164 1
169 3
172 3
173 1
182 1
189 1
195 2
200 1
203 2
210 1
216 1
220 1
244 1
254 1
255 1
258 1
273 1
276 1
309 1
321 1
323 1
333 1
337 1
342 1
365 1
367 1
371 1
410 1
421 1
423 1
437 1
452 1
474 1
483 1
508 1
509 1
591 1
630 1

