0 7186
1 7187
2 7194
3 7194
4 7205
5 7227
6 7239
7 7252
8 7260
9 7257
10 7203
11 7185
12 7216
13 7220
14 7196
15 7172
16 7077
17 7023
18 7036
19 7036
20 7047
21 7037
22 6975
23 6959
24 6940
25 6904
26 6784
27 6686
28 6623
29 6529
30 6464
31 6388
32 6258
33 6137
34 6027
35 5926
36 5842
37 5827
38 5763
39 5711
40 5672
41 5661
42 5649
43 5586
44 5568
45 5545
46 5553
47 5552
48 5515
49 5545
50 5563
51 5513
52 5522
53 5489
54 5408
55 5398
56 5366
57 5330
58 5341
59 5337
60 5281
61 5215
62 5298
63 5321
64 5244
65 5260
66 5235
67 5189
68 5164
69 5128
70 5032
71 5016
72 4981
73 4938
74 4917
75 4920
76 4931
77 4909
78 4915
79 4924
80 4910
81 4925
82 4929
83 4904
84 4859
85 4853
86 4828
87 4804
88 4793
89 4789
90 4786
91 4769
92 4761
93 4754
94 4753
95 4739
96 4708
97 4692
98 4679
99 4663
100 4648
101 4624
102 4609
103 4611
104 4604
105 4605
106 4616
107 4630
108 4636
109 4641
110 4641
111 4645
112 4656
113 4660
114 4671
115 4687
116 4707
117 4730
118 4769
119 4779
120 4793
121 4825
122 4857
123 4910
124 4937
125 4953
126 4984
127 5015
128 5051
129 5064
130 5091
131 5135
132 5179
133 5226
134 5301
135 5327
136 5370
137 5380
138 5408
139 5432
140 5451
141 5472
142 5512
143 5523
144 5585
145 5629
146 5681
147 5700
148 5710
149 5755
150 5838
151 5887
152 5982
153 6006
154 6067
155 6092
156 6141
157 6176
158 6247
159 6294
160 6310
161 6348
162 6422
163 6475
164 6499
165 6513
166 6515
167 6536
168 6553
169 6548
170 6571
171 6570
172 6579
173 6584
174 6623
175 6645
176 6661
177 6668
178 6676
179 6673
180 6681
181 6677
182 6662
183 6674
184 6663
185 6681
186 6684
187 6688
188 6701
189 6713
190 6718
191 6724
192 6746
193 6730
194 6721
195 6764
196 6776
197 6782
198 6786
199 6817
200 6806
201 6816
202 6779
203 6752
204 6754
205 6774
206 6787
207 6807
208 6804
209 6802
210 6795
211 6795
212 6802
213 6790
214 6774
215 6778
216 6751
217 6765
218 6768
219 6756
220 6753
221 6742
222 6743
223 6732
224 6716
225 6730
226 6717
227 6713
228 6691
229 6689
230 6690
231 6699
232 6694
233 6688
234 6672
235 6664
236 6654
237 6639
238 6626
239 6585
240 6573
241 6568
242 6548
243 6538
244 6540
245 6538
246 6543
247 6558
248 6573
249 6575
250 6586
251 6599
252 6613
253 6609
254 6606
255 6621
256 6622
257 6633
258 6639
259 6657
260 6659
261 6650
262 6623
263 6620
264 6593
265 6549
266 6540
267 6547
268 6526
269 6520
270 6517
271 6524
272 6526
273 6525
274 6525
275 6536
276 6526
277 6528
278 6532
279 6517
280 6497
281 6493
282 6487
283 6494
284 6467
285 6447
286 6441
287 6434
288 6413
289 6406
290 6390
291 6383
292 6359
293 6345
294 6332
295 6304
296 6267
297 6258
298 6232
299 6208
300 6177
301 6162
302 6138
303 6068
304 6011
305 5990
306 5949
307 5915
308 5891
309 5856
310 5837
311 5839
312 5806
313 5787
314 5783
315 5776
316 5781
317 5808
318 5815
319 5851
320 5846
321 5852
322 5856
323 5866
324 5891
325 5885
326 5913
327 5934
328 5963
329 5983
330 6036
331 6055
332 6069
333 6077
334 6087
335 6094
336 6115
337 6138
338 6165
339 6178
340 6187
341 6260
342 6266
343 6295
344 6299
345 6365
346 6375
347 6388
348 6398
349 6436
350 6467
351 6476
352 6506
353 6528
354 6544
355 6570
356 6580
357 6644
358 6637
359 6628
360 6691
361 6673
362 6675
363 6672
364 6667
365 6648
366 6644
367 6642
368 6621
369 6632
370 6623
371 6618
372 6616
373 6591
374 6560
375 6546
376 6536
377 6519
378 6488
379 6491
380 6473
381 6478
382 6507
383 6453
384 6420
385 6352
386 6348
387 6355
388 6344
389 6323
390 6271
391 6265
392 6259
393 6257
394 6241
395 6235
396 6217
397 6207
398 6209
399 6192
400 6176
401 6165
402 6119
403 6122
404 6112
405 6077
406 6043
407 6038
408 6020
409 6012
410 5993
411 5968
412 5935
413 5922
414 5872
415 5861
416 5868
417 5860
418 5852
419 5838
420 5809
421 5803
422 5790
423 5768
424 5744
425 5716
426 5687
427 5639
428 5558
429 5528
430 5500
431 5479
432 5478
433 5450
434 5414
435 5375
436 5353
437 5340
438 5333
439 5314
440 5308
441 5295
442 5285
443 5281
444 5270
445 5253
446 5238
447 5223
448 5206
449 5181
450 5165
451 5162
452 5148
453 5136
454 5132
455 5125
456 5117
457 5108
458 5102
459 5099
460 5091
461 5084
462 5074
463 5059
464 5051
465 5034
466 5035
467 5030
468 5029
469 5031
470 5037
471 5020
472 5019
473 5022
474 5028
475 5018
476 5011
477 4995
478 5000
479 5000
480 4999
481 4986
482 4977
483 4970
484 4977
485 4963
486 4955
487 4962
488 4966
489 4963
490 4933
491 4930
492 4922
493 4918
494 4914
495 4917
496 4903
497 4853
498 4802
499 4794
500 4727
501 4692
502 4665
503 4670
504 4657
505 4647
506 4653
507 4644
508 4623
509 4626
510 4654
511 4658
512 4677
513 4691
514 4703
515 4718
516 4729
517 4739
518 4738
519 4750
520 4781
521 4839
522 4892
523 4903
524 4941
525 4962
526 4987
527 4996
528 5010
529 5021
530 5053
531 5064
532 5091
533 5115
534 5117
535 5139
536 5146
537 5149
538 5176
539 5170
540 5198
541 5194
542 5186
543 5187
544 5198
545 5192
546 5191
547 5197
548 5202
549 5203
550 5226
551 5254
552 5255
553 5262
554 5273
555 5291
556 5315
557 5305
558 5314
559 5324
560 5365
561 5391
562 5394
563 5394
564 5410
565 5418
566 5429
567 5434
568 5463
569 5471
570 5446
571 5426
572 5426
573 5421
574 5408
575 5382
576 5404
577 5431
578 5404
579 5384
580 5368
581 5379
582 5382
583 5387
584 5379
585 5373
586 5358
587 5356
588 5343
589 5327
590 5305
591 5284
592 5211
593 5194
594 5163
595 5162
596 5162
597 5126
598 5107
599 5101
600 5057
601 5040
602 5013
603 4898
604 4885
605 4867
606 4838
607 4817
608 4807
609 4775
610 4712
611 4705
612 4683
613 4672
614 4610
615 4597
616 4559
617 4565
618 4570
619 4570
620 4561
621 4554
622 4530
623 4511
624 4490
625 4469
626 4465
627 4462
628 4442
629 4422
630 4405
631 4368
632 4335
633 4319
634 4306
635 4295
636 4259
637 4278
638 4281
639 4284
640 4267
641 4268
642 4262
643 4240
644 4206
645 4205
646 4191
647 4172
648 4151
649 4127
650 4104
651 4090
652 4071
653 4027
654 4013
655 4010
656 4002
657 4013
658 4008
659 4017
660 4030
661 4057
662 4083
663 4085
664 4098
665 4126
666 4174
667 4193
668 4226
669 4278
670 4305
671 4344
672 4358
673 4389
674 4471
675 4511
676 4533
677 4559
678 4592
679 4618
680 4634
681 4646
682 4657
683 4679
684 4710
685 4731
686 4741
687 4751
688 4791
689 4831
690 4867
691 4891
692 4918
693 4932
694 4955
695 4956
696 4968
697 4979
698 4994
699 4994
700 5010
701 5014
702 5026
703 5044
704 5057
705 5069
706 5069
707 5070
708 5081
709 5082
710 5083
711 5095
712 5103
713 5119
714 5120
715 5128
716 5129
717 5130
718 5129
719 5130
720 5126
721 5129
722 5136
723 5150
724 5154
725 5161
726 5167
727 5175
728 5188
729 5212
730 5213
731 5209
732 5213
733 5218
734 5222
735 5222
736 5225
737 5225
738 5209
739 5209
740 5198
741 5195
742 5187
743 5172
744 5165
745 5165
746 5155
747 5157
748 5157
749 5164
750 5154
751 5153
752 5149
753 5136
754 5117
755 5093
756 5065
757 5027
758 5015
759 4985
760 4958
761 4923
762 4904
763 4881
764 4835
765 4817
766 4801
767 4765
768 4760
769 4744
770 4726
771 4709
772 4693
773 4666
774 4647
775 4638
776 4629
777 4625
778 4610
779 4597
780 4578
781 4554
782 4522
783 4508
784 4501
785 4489
786 4476
787 4454
788 4450
789 4440
790 4418
791 4409
792 4409
793 4389
794 4366
795 4352
796 4316
797 4297
798 4281
799 4270
800 4231
801 4213
802 4188
803 4174
804 4136
805 4111
806 4066
807 4045
808 4049
809 4039
810 3978
811 3970
812 3958
813 3935
814 3931
815 3907
816 3895
817 3883
818 3880
819 3888
820 3896
821 3894
822 3886
823 3884
824 3871
825 3874
826 3879
827 3878
828 3884
829 3902
830 3908
831 3882
832 3878
833 3882
834 3859
835 3845
836 3852
837 3828
838 3849
839 3848
840 3852
841 3866
842 3878
843 3875
844 3890
845 3883
846 3875
847 3881
848 3892
849 3885
850 3914
851 3947
852 3971
853 4004
854 4023
855 4049
856 4104
857 4193
858 4244
859 4251
860 4277
861 4297
862 4351
863 4369
864 4391
865 4500
866 4538
867 4592
868 4611
869 4687
870 4724
871 4740
872 4764
873 4820
874 4831
875 4877
876 4877
877 4901
878 4930
879 4968
880 4986
881 5029
882 5042
883 5064
884 5078
885 5090
886 5140
887 5169
888 5172
889 5165
890 5156
891 5176
892 5172
893 5213
894 5241
895 5229
896 5203
897 5229
898 5254
899 5249
900 5266
901 5266
902 5271
903 5270
904 5251
905 5235
906 5211
907 5171
908 5150
909 5095
910 5082
911 5066
912 5028
913 5025
914 4973
915 4944
916 4874
917 4862
918 4845
919 4817
920 4760
921 4735
922 4687
923 4629
924 4568
925 4564
926 4557
927 4544
928 4557
929 4566
930 4569
931 4544
932 4520
933 4530
934 4516
935 4541
936 4578
937 4577
938 4530
939 4521
940 4534
941 4541
942 4530
943 4532
944 4518
945 4523
946 4521
947 4533
948 4534
949 4534
950 4556
951 4555
952 4557
953 4564
954 4560
955 4555
956 4566
957 4554
958 4558
959 4554
960 4567
961 4569
962 4570
963 4571
964 4578
965 4574
966 4585
967 4612
968 4616
969 4626
970 4619
971 4603
972 4586
973 4572
974 4551
975 4537
976 4540
977 4607
978 4603
979 4592
980 4588
981 4586
982 4573
983 4580
984 4610
985 4682
986 4721
987 4755
988 4783
989 4786
990 4807
991 4848
992 4882
993 4917
994 4937
995 4976
996 4985
997 4995
998 4992
999 4992
