0 11572
1 11576
2 11533
3 11453
4 11438
5 11393
6 11372
7 11349
8 11362
9 11380
10 11379
11 11388
12 11360
13 11355
14 11335
15 11319
16 11315
17 11245
18 11234
19 11268
20 11269
21 11293
22 11293
23 11270
24 11276
25 11232
26 11218
27 11236
28 11241
29 11259
30 11240
31 11246
32 11239
33 11239
34 11252
35 11255
36 11306
37 11305
38 11302
39 11300
40 11282
41 11275
42 11313
43 11299
44 11281
45 11288
46 11284
47 11272
48 11276
49 11251
50 11272
51 11239
52 11240
53 11221
54 11215
55 11209
56 11207
57 11212
58 11196
59 11212
60 11202
61 11204
62 11204
63 11193
64 11186
65 11183
66 11159
67 11159
68 11167
69 11159
70 11167
71 11152
72 11142
73 11112
74 11146
75 11140
76 11150
77 11110
78 11108
79 11098
80 11101
81 11108
82 11063
83 11071
84 11070
85 11092
86 11070
87 11067
88 11048
89 11059
90 11047
91 11050
92 11068
93 11072
94 11069
95 10981
96 10975
97 10961
98 10959
99 10949
100 10942
101 10928
102 10919
103 10924
104 10887
105 10866
106 10881
107 10880
108 10838
109 10864
110 10862
111 10835
112 10817
113 10788
114 10815
115 10841
116 10849
117 10846
118 10794
119 10798
120 10743
121 10770
122 10816
123 10793
124 10743
125 10731
126 10750
127 10747
128 10776
129 10595
130 10606
131 10600
132 10398
133 10284
134 10241
135 10203
136 10180
137 10169
138 10153
139 10121
140 10096
141 10062
142 10051
143 10117
144 10006
145 9957
146 9956
147 9911
148 9926
149 9927
150 9958
151 9974
152 9983
153 9955
154 9982
155 9968
156 9961
157 9841
158 9838
159 9844
160 9836
161 9801
162 9797
163 9758
164 9750
165 9722
166 9711
167 9686
168 9688
169 9664
170 9650
171 9671
172 9660
173 9671
174 9689
175 9674
176 9681
177 9681
178 9712
179 9726
180 9729
181 9713
182 9741
183 9761
184 9795
185 9828
186 9815
187 9800
188 9820
189 9842
190 9842
191 9874
192 9900
193 9957
194 9952
195 9942
196 9943
197 9947
198 9961
199 9983
200 10023
201 10038
202 10064
203 10053
204 10043
205 10041
206 10078
207 10030
208 10034
209 10047
210 10045
211 10030
212 10036
213 10026
214 10061
215 9993
216 10015
217 10029
218 10002
219 10060
220 10078
221 10095
222 10116
223 10108
224 10142
225 10148
226 10129
227 10093
228 10076
229 10075
230 10073
231 10128
232 10137
233 10160
234 10121
235 10107
236 10106
237 10087
238 10140
239 10122
240 10125
241 10135
242 10136
243 10123
244 10130
245 10153
246 10158
247 10165
248 10194
249 10232
250 10231
251 10264
252 10260
253 10274
254 10327
255 10386
256 10403
257 10375
258 10390
259 10354
260 10343
261 10318
262 10307
263 10305
264 10302
265 10326
266 10346
267 10358
268 10323
269 10320
270 10319
271 10311
272 10343
273 10393
274 10418
275 10430
276 10427
277 10432
278 10450
279 10438
280 10449
281 10469
282 10465
283 10551
284 10560
285 10592
286 10593
287 10606
288 10611
289 10608
290 10642
291 10673
292 10702
293 10701
294 10720
295 10724
296 10755
297 10812
298 10798
299 10844
300 10826
301 10840
302 10835
303 10821
304 10825
305 10831
306 10850
307 10854
308 10873
309 10883
310 10905
311 10933
312 10954
313 10938
314 10943
315 10955
316 10958
317 10948
318 10919
319 10885
320 10890
321 10921
322 10960
323 10954
324 10939
325 10945
326 10932
327 10926
328 10951
329 10935
330 11061
331 11043
332 11051
333 11035
334 11032
335 11053
336 11045
337 11042
338 11054
339 11066
340 11083
341 11087
342 11074
343 11076
344 11082
345 11102
346 11106
347 11105
348 11096
349 11140
350 11159
351 11178
352 11185
353 11186
354 11180
355 11183
356 11164
357 11180
358 11181
359 11172
360 11162
361 11174
362 11166
363 11172
364 11147
365 11134
366 11121
367 11113
368 11130
369 11165
370 11174
371 11155
372 11073
373 11047
374 11044
375 11052
376 11034
377 11028
378 10987
379 10948
380 11036
381 11008
382 11026
383 11034
384 11066
385 11066
386 11056
387 11062
388 11036
389 11039
390 11046
391 11056
392 11024
393 10978
394 10999
395 10975
396 10893
397 10902
398 10884
399 10892
400 10876
401 10862
402 10840
403 10823
404 10803
405 10773
406 10765
407 10720
408 10693
409 10691
410 10683
411 10696
412 10694
413 10705
414 10702
415 10717
416 10705
417 10717
418 10725
419 10721
420 10710
421 10693
422 10683
423 10660
424 10677
425 10621
426 10634
427 10616
428 10586
429 10652
430 10634
431 10581
432 10558
433 10603
434 10584
435 10600
436 10610
437 10612
438 10612
439 10607
440 10606
441 10589
442 10598
443 10667
444 10672
445 10641
446 10652
447 10661
448 10678
449 10650
450 10666
451 10661
452 10638
453 10631
454 10627
455 10646
456 10623
457 10626
458 10609
459 10594
460 10581
461 10610
462 10596
463 10617
464 10602
465 10597
466 10577
467 10600
468 10586
469 10562
470 10595
471 10598
472 10608
473 10618
474 10631
475 10628
476 10625
477 10599
478 10554
479 10550
480 10558
481 10496
482 10504
483 10528
484 10514
485 10512
486 10521
487 10481
488 10438
489 10414
490 10420
491 10412
492 10407
493 10419
494 10435
495 10436
496 10459
497 10449
498 10408
499 10392
500 10326
501 10323
502 10340
503 10352
504 10334
505 10310
506 10334
507 10330
508 10369
509 10374
510 10353
511 10368
512 10366
513 10351
514 10365
515 10423
516 10440
517 10450
518 10440
519 10431
520 10448
521 10431
522 10412
523 10432
524 10424
525 10432
526 10449
527 10437
528 10417
529 10414
530 10427
531 10427
532 10405
533 10416
534 10416
535 10382
536 10384
537 10380
538 10382
539 10377
540 10334
541 10282
542 10272
543 10299
544 10268
545 10277
546 10247
547 10190
548 10211
549 10209
550 10227
551 10246
552 10259
553 10259
554 10257
555 10271
556 10257
557 10302
558 10315
559 10353
560 10352
561 10379
562 10369
563 10360
564 10355
565 10423
566 10418
567 10403
568 10439
569 10517
570 10500
571 10478
572 10492
573 10499
574 10512
575 10509
576 10505
577 10523
578 10518
579 10599
580 10491
581 10464
582 10495
583 10517
584 10507
585 10542
586 10534
587 10543
588 10553
589 10528
590 10515
591 10501
592 10513
593 10580
594 10686
595 10663
596 10662
597 10662
598 10656
599 10630
600 10628
601 10612
602 10638
603 10664
604 10695
605 10690
606 10693
607 10701
608 10703
609 10741
610 10729
611 10720
612 10734
613 10744
614 10827
615 10877
616 10880
617 10901
618 10911
619 10885
620 10870
621 10866
622 10871
623 10870
624 10849
625 10855
626 10837
627 10834
628 10827
629 10825
630 10806
631 10796
632 10812
633 10805
634 10762
635 10792
636 10787
637 10765
638 10762
639 10756
640 10761
641 10748
642 10742
643 10716
644 10689
645 10693
646 10707
647 10716
648 10728
649 10699
650 10716
651 10716
652 10703
653 10695
654 10708
655 10702
656 10692
657 10719
658 10747
659 10779
660 10765
661 10741
662 10737
663 10693
664 10715
665 10731
666 10753
667 10763
668 10747
669 10760
670 10754
671 10736
672 10736
673 10723
674 10678
675 10677
676 10677
677 10662
678 10637
679 10585
680 10587
681 10595
682 10606
683 10621
684 10625
685 10627
686 10594
687 10603
688 10612
689 10628
690 10638
691 10660
692 10659
693 10630
694 10677
695 10691
696 10674
697 10679
698 10738
699 10733
700 10780
701 10782
702 10805
703 10822
704 10851
705 10874
706 10894
707 10959
708 10995
709 11083
710 11091
711 11086
712 11229
713 11235
714 11242
715 11270
716 11286
717 11300
718 11309
719 11317
720 11325
721 11366
722 11364
723 11386
724 11449
725 11462
726 11493
727 11506
728 11521
729 11542
730 11558
731 11569
732 11642
733 11616
734 11637
735 11652
736 11677
737 11677
738 11788
739 11893
740 11864
741 11875
742 11977
743 11976
744 11981
745 11979
746 11962
747 11970
748 11980
749 12004
750 12031
751 12031
752 12019
753 11962
754 11969
755 11946
756 11940
757 11927
758 11905
759 11880
760 11890
761 11879
762 11883
763 11911
764 11915
765 11902
766 11862
767 11868
768 11875
769 11873
770 11872
771 11881
772 11856
773 11860
774 11881
775 11880
776 11885
777 11823
778 11805
779 11808
780 11764
781 11785
782 11813
783 11823
784 11821
785 11785
786 11753
787 11762
788 11756
789 11778
790 11851
791 11793
792 11792
793 11756
794 11775
795 11799
796 11802
797 11781
798 11770
799 11762
800 11725
801 11701
802 11690
803 11708
804 11686
805 11672
806 11660
807 11620
808 11603
809 11556
810 11548
811 11554
812 11562
813 11550
814 11536
815 11467
816 11455
817 11470
818 11416
819 11370
820 11418
821 11455
822 11450
823 11452
824 11443
825 11463
826 11464
827 11427
828 11410
829 11365
830 11371
831 11374
832 11381
833 11347
834 11358
835 11364
836 11427
837 11452
838 11450
839 11408
840 11403
841 11421
842 11426
843 11366
844 11329
845 11300
846 11303
847 11308
848 11326
849 11373
850 11353
851 11323
852 11332
853 11327
854 11341
855 11353
856 11359
857 11383
858 11399
859 11386
860 11436
861 11437
862 11435
863 11419
864 11387
865 11400
866 11463
867 11451
868 11455
869 11519
870 11536
871 11547
872 11542
873 11561
874 11555
875 11566
876 11568
877 11611
878 11601
879 11630
880 11639
881 11644
882 11664
883 11684
884 11700
885 11690
886 11696
887 11710
888 11724
889 11715
890 11726
891 11728
892 11755
893 11753
894 11750
895 11739
896 11730
897 11722
898 11758
899 11763
900 11760
901 11765
902 11790
903 11807
904 11805
905 11780
906 11774
907 11740
908 11694
909 11675
910 11706
911 11716
912 11729
913 11729
914 11719
915 11730
916 11726
917 11718
918 11742
919 11753
920 11759
921 11768
922 11799
923 11803
924 11821
925 11828
926 11843
927 11842
928 11808
929 11790
930 11784
931 11762
932 11739
933 11691
934 11622
935 11642
936 11657
937 11644
938 11645
939 11622
940 11599
941 11561
942 11517
943 11404
944 11381
945 11350
946 11324
947 11296
948 11253
949 11259
950 11252
951 11227
952 11199
953 11156
954 11057
955 11027
956 11059
957 10977
958 10972
959 10858
960 10879
961 10862
962 10816
963 10828
964 10820
965 10806
966 10813
967 10815
968 10762
969 10781
970 10765
971 10747
972 10715
973 10674
974 10603
975 10593
976 10569
977 10553
978 10535
979 10543
980 10518
981 10505
982 10510
983 10505
984 10509
985 10502
986 10472
987 10466
988 10375
989 10348
990 10341
991 10334
992 10351
993 10343
994 10333
995 10312
996 10338
997 10324
998 10339
999 10325
