0 623556
1 618216
2 612687
3 606422
4 599233
5 592839
6 586647
7 580063
8 572799
9 565151
10 558234
11 551951
12 543466
13 535002
14 527250
15 520139
16 513739
17 507038
18 501931
19 496657
20 490597
21 484677
22 480117
23 475082
24 470224
25 466480
26 461706
27 456044
28 451595
29 446694
30 442835
31 438775
32 435481
33 431706
34 427132
35 422532
36 417883
37 413581
38 407486
39 405500
40 402796
41 400382
42 398278
43 395383
44 393116
45 391130
46 388195
47 386021
48 384550
49 382448
50 380560
51 379026
52 376825
53 375100
54 373463
55 370822
56 369439
57 367857
58 366136
59 364904
60 362832
61 361079
62 360583
63 359307
64 357801
65 356042
66 354968
67 353109
68 351285
69 349935
70 348170
71 346287
72 344458
73 343146
74 343165
75 342116
76 341292
77 339949
78 339194
79 338102
80 337129
81 335350
82 334811
83 334037
84 332483
85 330981
86 330117
87 328806
88 326472
89 324416
90 323391
91 322322
92 320909
93 319498
94 317612
95 315875
96 314219
97 313342
98 311756
99 310685
100 308661
101 305791
102 303277
103 301546
104 299886
105 298085
106 296800
107 295254
108 292686
109 291007
110 288919
111 288307
112 286448
113 284578
114 283089
115 282220
116 281470
117 279879
118 278273
119 277119
120 275603
121 274447
122 272751
123 271166
124 268870
125 267769
126 266248
127 265158
128 263775
129 262352
130 260872
131 259506
132 258077
133 257096
134 256177
135 254868
136 253691
137 252625
138 251139
139 250363
140 249826
141 248870
142 247909
143 247483
144 245669
145 244920
146 243996
147 243037
148 242426
149 241137
150 239786
151 238643
152 237301
153 236578
154 235277
155 234030
156 233327
157 231904
158 231144
159 229681
160 227944
161 226953
162 225991
163 225960
164 225342
165 225154
166 224921
167 224720
168 224802
169 224847
170 224781
171 224327
172 223816
173 223041
174 222391
175 222660
176 222099
177 221474
178 221157
179 220864
180 220792
181 220470
182 220173
183 219641
184 219202
185 218951
186 218654
187 218145
188 218281
189 217947
190 217850
191 217709
192 217110
193 216659
194 216690
195 216542
196 215923
197 215817
198 215610
199 215317
200 215336
201 215501
202 215362
203 215090
204 215254
205 215382
206 215511
207 215895
208 216271
209 216135
210 215748
211 215686
212 215218
213 214787
214 214917
215 214662
216 213957
217 213686
218 213245
219 213169
220 212218
221 211167
222 210569
223 209748
224 209277
225 209210
226 208251
227 207789
228 207714
229 207195
230 207334
231 206717
232 205733
233 204910
234 204363
235 204083
236 203599
237 203360
238 203038
239 202430
240 200727
241 199568
242 199296
243 198514
244 198108
245 197421
246 196739
247 195957
248 194902
249 194148
250 193822
251 193943
252 193238
253 192794
254 192702
255 191933
256 191344
257 191209
258 191131
259 191108
260 191375
261 191021
262 190825
263 190566
264 190619
265 190439
266 190366
267 190182
268 189768
269 189684
270 190024
271 189767
272 189183
273 188795
274 188525
275 187662
276 187177
277 187072
278 186775
279 186379
280 185480
281 185131
282 184609
283 183673
284 183317
285 182980
286 182773
287 182643
288 182246
289 181308
290 181050
291 180327
292 179872
293 179878
294 179596
295 178937
296 178745
297 178360
298 176785
299 176529
300 176476
301 175791
302 175167
303 174745
304 174507
305 174172
306 173428
307 173174
308 172570
309 172220
310 172025
311 171651
312 170485
313 170414
314 170109
315 169999
316 169198
317 168833
318 168462
319 168309
320 168052
321 167734
322 167523
323 167567
324 166774
325 166637
326 166385
327 166351
328 165941
329 165833
330 165601
331 165531
332 164827
333 164521
334 164683
335 164674
336 163964
337 164035
338 164092
339 163913
340 163594
341 163562
342 163474
343 163523
344 163273
345 162851
346 162661
347 161693
348 161466
349 161095
350 161048
351 161085
352 161120
353 160947
354 160911
355 160548
356 160203
357 159855
358 159723
359 159520
360 159118
361 157703
362 157610
363 157136
364 156736
365 156579
366 156583
367 156618
368 156576
369 156505
370 156554
371 156514
372 156415
373 156249
374 155785
375 155495
376 155441
377 155200
378 154969
379 154222
380 153941
381 153639
382 153368
383 153012
384 152733
385 152512
386 152607
387 152421
388 152482
389 152316
390 152273
391 152376
392 152249
393 151858
394 151726
395 151157
396 150996
397 150938
398 150123
399 149975
400 149452
401 149159
402 148989
403 149106
404 148957
405 148728
406 148655
407 148639
408 148790
409 148813
410 148862
411 148767
412 148724
413 148028
414 147588
415 147211
416 146962
417 146654
418 146349
419 146001
420 146122
421 146079
422 146020
423 145818
424 145538
425 145327
426 145184
427 144867
428 144953
429 144819
430 144992
431 145196
432 145250
433 145214
434 145077
435 145074
436 144955
437 145271
438 145059
439 145211
440 145258
441 145418
442 145611
443 145576
444 145123
445 145080
446 145052
447 144999
448 144929
449 144945
450 144889
451 144803
452 144761
453 144931
454 144998
455 145065
456 145040
457 145079
458 145156
459 145294
460 145377
461 145359
462 145200
463 145057
464 145025
465 144983
466 145263
467 145206
468 145033
469 144708
470 144595
471 144513
472 144585
473 144714
474 144661
475 144486
476 144374
477 144175
478 143983
479 143831
480 143029
481 142830
482 142632
483 142544
484 142398
485 142309
486 142099
487 141997
488 141921
489 141992
490 142252
491 142410
492 142591
493 142558
494 142498
495 142514
496 142393
497 142311
498 142379
499 142511
500 142460
501 141833
502 141742
503 141781
504 141573
505 141508
506 141399
507 141329
508 141440
509 141131
510 140637
511 140454
512 140380
513 140297
514 140360
515 140406
516 140375
517 140448
518 140372
519 140305
520 139861
521 139820
522 139770
523 139565
524 139489
525 139352
526 139129
527 138911
528 138773
529 138789
530 138768
531 138618
532 138518
533 138427
534 138151
535 137884
536 137644
537 137370
538 137368
539 137299
540 137125
541 136669
542 136342
543 136336
544 136229
545 136064
546 135579
547 135181
548 134842
549 134366
550 134061
551 133849
552 134107
553 134007
554 133616
555 133447
556 132971
557 132410
558 131915
559 131669
560 131413
561 131221
562 130992
563 130537
564 130165
565 129944
566 129806
567 129652
568 129444
569 129134
570 128741
571 128377
572 127974
573 127453
574 126983
575 126681
576 126337
577 126235
578 126019
579 125998
580 125949
581 125896
582 125934
583 125832
584 125450
585 125172
586 125000
587 124757
588 124440
589 124632
590 124524
591 124521
592 124418
593 124373
594 124325
595 124338
596 124144
597 124291
598 124082
599 124186
600 124644
601 124232
602 124068
603 123806
604 123676
605 123670
606 123655
607 123540
608 123503
609 123260
610 123173
611 123070
612 123090
613 122851
614 122700
615 122688
616 122306
617 122060
618 121713
619 121544
620 121250
621 121040
622 120775
623 120619
624 120593
625 120541
626 120444
627 120398
628 120504
629 120326
630 120257
631 120437
632 120394
633 120209
634 120010
635 119729
636 119526
637 119374
638 119144
639 119189
640 118548
641 118494
642 118617
643 118607
644 118573
645 118469
646 118234
647 118062
648 118042
649 117852
650 117706
651 117775
652 117950
653 117869
654 117625
655 117438
656 117410
657 117285
658 117117
659 116974
660 116807
661 116833
662 116628
663 116448
664 116204
665 116163
666 116063
667 115849
668 115578
669 115670
670 115415
671 115165
672 115060
673 115002
674 114946
675 114389
676 114214
677 114213
678 113828
679 113795
680 113400
681 113007
682 112785
683 112784
684 113102
685 113298
686 113286
687 113021
688 112873
689 112714
690 112524
691 112084
692 111699
693 111383
694 111291
695 110993
696 110918
697 110731
698 110686
699 110348
700 110205
701 110001
702 109938
703 109797
704 109812
705 109678
706 109465
707 109286
708 109189
709 109107
710 108700
711 108627
712 108499
713 108364
714 108255
715 108241
716 108065
717 107978
718 108071
719 107828
720 107798
721 107583
722 107450
723 107234
724 107145
725 106901
726 106596
727 106541
728 106437
729 106409
730 106154
731 105700
732 105415
733 105032
734 104912
735 104759
736 104534
737 104378
738 104194
739 103838
740 103407
741 103063
742 102682
743 102322
744 102127
745 102010
746 101847
747 101716
748 101487
749 101153
750 100964
751 100990
752 100922
753 100908
754 100975
755 100958
756 100892
757 100847
758 100550
759 100606
760 100437
761 100493
762 100628
763 100708
764 100768
765 100765
766 100828
767 100937
768 100971
769 100917
770 100982
771 100977
772 101060
773 101189
774 101180
775 101310
776 101308
777 101293
778 101284
779 101406
780 101428
781 101331
782 101548
783 101536
784 101562
785 101513
786 101476
787 101583
788 101508
789 101464
790 101653
791 101699
792 101592
793 101557
794 101616
795 101478
796 101643
797 101747
798 101865
799 101927
800 101891
801 101751
802 101782
803 101742
804 101555
805 101546
806 101712
807 102159
808 102474
809 102582
810 102549
811 102593
812 102745
813 102923
814 102964
815 102990
816 102944
817 102915
818 102918
819 102781
820 102739
821 102627
822 102600
823 102679
824 102500
825 102512
826 102566
827 102536
828 102546
829 102287
830 102169
831 102084
832 101809
833 101723
834 101670
835 101619
836 101528
837 101473
838 101522
839 101351
840 101383
841 101219
842 101281
843 101468
844 101600
845 101475
846 101411
847 101125
848 100803
849 100620
850 100716
851 100709
852 100743
853 100707
854 100657
855 100644
856 100238
857 100189
858 100251
859 100053
860 99992
861 99890
862 99915
863 100018
864 100207
865 100175
866 100361
867 100284
868 100312
869 100395
870 100183
871 100224
872 100300
873 100258
874 100293
875 100258
876 100208
877 99931
878 99666
879 99620
880 99583
881 99324
882 99255
883 99313
884 99489
885 99507
886 99659
887 99656
888 99839
889 99809
890 99772
891 99673
892 99439
893 99479
894 99772
895 99918
896 99876
897 99671
898 99897
899 99892
900 99838
901 99664
902 99487
903 99292
904 99517
905 99405
906 99319
907 99244
908 99460
909 99350
910 99334
911 98945
912 98781
913 98723
914 98712
915 98274
916 98196
917 98194
918 98133
919 97888
920 97855
921 97888
922 97805
923 97666
924 97506
925 97448
926 97451
927 97302
928 97162
929 97017
930 97074
931 97037
932 97231
933 96801
934 96490
935 96301
936 96157
937 96155
938 96089
939 96058
940 95893
941 95889
942 95897
943 95882
944 95728
945 95641
946 95594
947 95493
948 95381
949 95355
950 95246
951 95265
952 95081
953 95011
954 95009
955 94895
956 94864
957 94872
958 94882
959 94846
960 94939
961 94904
962 94860
963 94788
964 94702
965 94555
966 94548
967 94574
968 94414
969 94497
970 94561
971 94541
972 94514
973 94750
974 94699
975 94857
976 94814
977 94781
978 94715
979 94689
980 94658
981 94440
982 94454
983 94278
984 94170
985 94015
986 93859
987 93882
988 93892
989 93822
990 93817
991 93706
992 93551
993 93331
994 93150
995 92975
996 92807
997 92577
998 92605
999 92503
