0 146
1 146
2 146
3 146
4 146
5 145
6 145
7 144
8 142
9 141
10 141
11 139
12 138
13 137
14 136
15 135
16 135
17 135
18 134
19 133
20 131
21 131
22 131
23 130
24 129
25 129
26 130
27 131
28 131
29 132
30 132
31 132
32 133
33 134
34 136
35 137
36 138
37 137
38 137
39 137
40 135
41 134
42 133
43 133
44 132
45 131
46 130
47 128
48 127
49 125
50 123
51 123
52 121
53 120
54 120
55 119
56 119
57 118
58 117
59 115
60 115
61 115
62 112
63 109
64 109
65 108
66 107
67 107
68 107
69 106
70 106
71 104
72 104
73 103
74 102
75 101
76 99
77 99
78 97
79 95
80 95
81 93
82 93
83 92
84 92
85 92
86 91
87 91
88 90
89 90
90 89
91 89
92 89
93 88
94 88
95 88
96 88
97 88
98 88
99 89
100 89
101 89
102 90
103 90
104 90
105 89
106 89
107 89
108 89
109 89
110 88
111 88
112 87
113 87
114 86
115 86
116 85
117 85
118 84
119 84
120 83
121 82
122 82
123 80
124 80
125 79
126 79
127 78
128 77
129 77
130 77
131 76
132 76
133 75
134 74
135 74
136 74
137 74
138 73
139 73
140 73
141 73
142 73
143 73
144 73
145 72
146 72
147 72
148 72
149 72
150 71
151 71
152 70
153 70
154 70
155 70
156 69
157 69
158 69
159 68
160 69
161 69
162 68
163 68
164 68
165 68
166 68
167 68
168 68
169 68
170 68
171 69
172 69
173 69
174 69
175 69
176 69
177 69
178 69
179 69
180 69
181 69
182 69
183 69
184 69
185 69
186 68
187 68
188 68
189 67
190 67
191 66
192 66
193 65
194 65
195 64
196 64
197 64
198 63
199 63
200 62
201 62
202 61
203 61
204 61
205 60
206 60
207 59
208 59
209 59
210 58
211 58
212 57
213 57
214 56
215 56
216 56
217 55
218 55
219 54
220 54
221 53
222 53
223 53
224 52
225 52
226 52
227 51
228 51
229 51
230 50
231 50
232 49
233 49
234 49
235 48
236 48
237 48
238 47
239 47
240 47
241 47
242 46
243 46
244 45
245 45
246 45
247 44
248 43
249 43
250 43
251 43
252 42
253 42
254 42
255 42
256 41
257 41
258 41
259 41
260 40
261 40
262 40
263 40
264 40
265 40
266 40
267 40
268 40
269 40
270 40
271 40
272 39
273 39
274 39
275 39
276 39
277 39
278 39
279 39
280 39
281 39
282 39
283 39
284 38
285 38
286 38
287 38
288 38
289 38
290 38
291 38
292 38
293 39
294 39
295 39
296 39
297 39
298 39
299 39
300 39
301 39
302 39
303 40
304 40
305 40
306 41
307 41
308 41
309 41
310 41
311 42
312 42
313 42
314 42
315 42
316 42
317 42
318 42
319 42
320 43
321 43
322 43
323 43
324 43
325 44
326 43
327 43
328 43
329 43
330 43
331 43
332 43
333 43
334 43
335 43
336 43
337 43
338 43
339 43
340 43
341 43
342 43
343 43
344 43
345 43
346 43
347 43
348 43
349 43
350 43
351 43
352 43
353 43
354 43
355 43
356 43
357 43
358 43
359 43
360 43
361 44
362 44
363 44
364 44
365 45
366 45
367 45
368 45
369 45
370 45
371 46
372 46
373 46
374 46
375 46
376 46
377 46
378 46
379 46
380 47
381 47
382 47
383 47
384 47
385 47
386 47
387 47
388 47
389 48
390 48
391 48
392 48
393 48
394 48
395 48
396 48
397 48
398 48
399 48
400 48
401 48
402 48
403 48
404 48
405 48
406 48
407 48
408 48
409 48
410 48
411 48
412 48
413 48
414 48
415 48
416 47
417 47
418 47
419 47
420 47
421 47
422 47
423 47
424 47
425 47
426 48
427 48
428 49
429 49
430 49
431 50
432 50
433 50
434 50
435 51
436 52
437 52
438 52
439 52
440 52
441 52
442 52
443 52
444 52
445 52
446 52
447 52
448 52
449 52
450 52
451 52
452 52
453 52
454 52
455 52
456 52
457 52
458 52
459 52
460 52
461 52
462 52
463 53
464 53
465 53
466 52
467 53
468 52
469 52
470 52
471 52
472 52
473 52
474 52
475 52
476 52
477 53
478 52
479 52
480 52
481 53
482 53
483 53
484 53
485 53
486 53
487 53
488 54
489 54
490 54
491 54
492 55
493 55
494 55
495 55
496 56
497 56
498 56
499 56
500 57
501 57
502 58
503 58
504 58
505 58
506 58
507 58
508 59
509 59
510 58
511 59
512 58
513 58
514 58
515 58
516 58
517 58
518 58
519 58
520 58
521 57
522 57
523 56
524 56
525 56
526 56
527 56
528 56
529 56
530 55
531 56
532 55
533 55
534 55
535 55
536 55
537 55
538 55
539 55
540 55
541 55
542 56
543 56
544 56
545 56
546 55
547 55
548 55
549 55
550 55
551 54
552 55
553 55
554 54
555 54
556 54
557 54
558 53
559 53
560 53
561 52
562 52
563 52
564 52
565 52
566 52
567 52
568 52
569 51
570 52
571 52
572 52
573 52
574 52
575 53
576 52
577 52
578 53
579 53
580 53
581 53
582 54
583 54
584 54
585 54
586 55
587 55
588 56
589 57
590 57
591 58
592 59
593 59
594 60
595 60
596 60
597 60
598 61
599 61
600 61
601 61
602 62
603 63
604 63
605 63
606 64
607 64
608 64
609 64
610 65
611 64
612 64
613 64
614 65
615 65
616 65
617 65
618 65
619 64
620 64
621 64
622 64
623 64
624 64
625 64
626 64
627 64
628 65
629 65
630 65
631 65
632 65
633 65
634 65
635 65
636 65
637 65
638 65
639 65
640 65
641 65
642 65
643 65
644 66
645 66
646 66
647 67
648 67
649 68
650 68
651 68
652 68
653 69
654 70
655 70
656 70
657 70
658 70
659 70
660 70
661 70
662 69
663 70
664 69
665 69
666 68
667 68
668 67
669 65
670 65
671 64
672 64
673 63
674 62
675 62
676 61
677 61
678 61
679 61
680 61
681 61
682 61
683 60
684 60
685 60
686 60
687 60
688 60
689 59
690 59
691 59
692 59
693 59
694 59
695 59
696 59
697 59
698 59
699 59
700 59
701 59
702 59
703 59
704 59
705 59
706 59
707 59
708 59
709 59
710 59
711 59
712 59
713 59
714 59
715 59
716 59
717 59
718 59
719 58
720 58
721 58
722 57
723 57
724 56
725 56
726 56
727 56
728 55
729 55
730 55
731 54
732 54
733 54
734 54
735 54
736 54
737 53
738 53
739 53
740 53
741 53
742 53
743 53
744 53
745 53
746 53
747 53
748 53
749 52
750 52
751 52
752 52
753 52
754 52
755 52
756 52
757 52
758 52
759 52
760 52
761 52
762 52
763 52
764 52
765 53
766 53
767 53
768 53
769 52
770 52
771 52
772 52
773 52
774 52
775 52
776 52
777 52
778 52
779 52
780 52
781 52
782 52
783 52
784 52
785 53
786 53
787 53
788 53
789 53
790 53
791 53
792 53
793 54
794 54
795 54
796 55
797 55
798 55
799 55
800 55
801 55
802 55
803 55
804 55
805 55
806 56
807 55
808 55
809 55
810 55
811 54
812 54
813 53
814 53
815 53
816 52
817 52
818 51
819 50
820 49
821 49
822 48
823 47
824 47
825 47
826 46
827 46
828 45
829 44
830 44
831 44
832 43
833 42
834 42
835 42
836 42
837 41
838 41
839 41
840 41
841 41
842 40
843 40
844 40
845 40
846 40
847 40
848 40
849 40
850 40
851 40
852 40
853 40
854 40
855 40
856 40
857 39
858 39
859 39
860 39
861 40
862 39
863 40
864 39
865 39
866 39
867 39
868 39
869 38
870 38
871 39
872 39
873 39
874 39
875 38
876 39
877 39
878 39
879 38
880 38
881 38
882 38
883 38
884 38
885 38
886 38
887 38
888 38
889 38
890 38
891 38
892 38
893 37
894 37
895 37
896 37
897 37
898 37
899 37
900 37
901 37
902 37
903 37
904 37
905 37
906 37
907 37
908 38
909 38
910 38
911 38
912 38
913 38
914 39
915 39
916 39
917 40
918 40
919 40
920 40
921 41
922 41
923 42
924 42
925 42
926 42
927 42
928 43
929 42
930 43
931 43
932 44
933 44
934 44
935 44
936 44
937 44
938 45
939 45
940 45
941 45
942 45
943 45
944 45
945 45
946 46
947 46
948 46
949 46
950 46
951 46
952 46
953 46
954 46
955 46
956 46
957 46
958 46
959 46
960 46
961 46
962 46
963 46
964 46
965 47
966 47
967 47
968 47
969 47
970 47
971 48
972 49
973 49
974 50
975 50
976 50
977 50
978 50
979 51
980 51
981 51
982 52
983 52
984 52
985 52
986 52
987 52
988 53
989 53
990 53
991 53
992 54
993 54
994 54
995 54
996 54
997 54
998 54
999 54
