0 514
1 516
2 521
3 528
4 533
5 537
6 542
7 546
8 549
9 546
10 547
11 549
12 553
13 555
14 557
15 558
16 561
17 565
18 568
19 567
20 569
21 570
22 575
23 577
24 579
25 582
26 587
27 588
28 586
29 585
30 589
31 590
32 592
33 593
34 594
35 594
36 593
37 599
38 601
39 603
40 613
41 614
42 616
43 632
44 644
45 642
46 644
47 646
48 645
49 647
50 649
51 653
52 657
53 664
54 667
55 669
56 670
57 676
58 677
59 677
60 680
61 683
62 679
63 681
64 681
65 690
66 695
67 694
68 693
69 694
70 694
71 699
72 699
73 703
74 706
75 708
76 710
77 714
78 723
79 724
80 724
81 724
82 728
83 732
84 734
85 735
86 741
87 743
88 748
89 750
90 751
91 754
92 754
93 756
94 759
95 768
96 769
97 773
98 773
99 776
100 777
101 778
102 782
103 782
104 785
105 787
106 791
107 794
108 799
109 798
110 800
111 804
112 805
113 810
114 807
115 805
116 804
117 806
118 809
119 809
120 814
121 814
122 816
123 819
124 824
125 830
126 832
127 835
128 838
129 853
130 854
131 856
132 874
133 885
134 888
135 890
136 890
137 890
138 893
139 898
140 899
141 901
142 903
143 897
144 911
145 915
146 916
147 921
148 920
149 922
150 918
151 915
152 915
153 919
154 915
155 916
156 918
157 929
158 931
159 931
160 931
161 934
162 932
163 936
164 942
165 948
166 946
167 947
168 949
169 950
170 955
171 952
172 956
173 954
174 953
175 953
176 953
177 952
178 947
179 944
180 945
181 948
182 944
183 944
184 941
185 938
186 943
187 944
188 942
189 941
190 940
191 937
192 936
193 930
194 929
195 931
196 932
197 932
198 931
199 928
200 923
201 923
202 920
203 921
204 922
205 928
206 927
207 934
208 936
209 937
210 938
211 940
212 939
213 939
214 936
215 943
216 941
217 939
218 941
219 936
220 934
221 933
222 932
223 931
224 928
225 929
226 931
227 935
228 935
229 931
230 933
231 926
232 922
233 920
234 921
235 919
236 914
237 913
238 908
239 906
240 904
241 900
242 896
243 896
244 893
245 886
246 882
247 879
248 874
249 867
250 866
251 861
252 860
253 857
254 852
255 847
256 841
257 843
258 843
259 848
260 848
261 848
262 848
263 846
264 844
265 843
266 837
267 832
268 830
269 823
270 822
271 822
272 814
273 812
274 808
275 805
276 793
277 791
278 784
279 784
280 779
281 779
282 776
283 768
284 775
285 788
286 792
287 792
288 796
289 801
290 799
291 810
292 814
293 820
294 829
295 836
296 847
297 862
298 872
299 877
300 898
301 908
302 913
303 918
304 918
305 917
306 915
307 917
308 918
309 918
310 915
311 917
312 915
313 918
314 918
315 911
316 912
317 914
318 916
319 917
320 916
321 911
322 908
323 908
324 905
325 904
326 905
327 905
328 902
329 903
330 891
331 894
332 892
333 891
334 889
335 886
336 885
337 885
338 882
339 880
340 881
341 880
342 884
343 889
344 893
345 891
346 890
347 892
348 892
349 888
350 885
351 882
352 880
353 878
354 879
355 878
356 874
357 873
358 872
359 871
360 870
361 866
362 866
363 864
364 866
365 867
366 866
367 865
368 864
369 861
370 859
371 859
372 861
373 864
374 863
375 860
376 859
377 859
378 861
379 862
380 854
381 855
382 853
383 851
384 849
385 849
386 850
387 850
388 852
389 852
390 851
391 850
392 853
393 856
394 852
395 854
396 863
397 863
398 865
399 867
400 869
401 872
402 874
403 875
404 877
405 879
406 877
407 883
408 885
409 885
410 884
411 883
412 885
413 883
414 880
415 875
416 876
417 875
418 874
419 873
420 872
421 873
422 872
423 874
424 870
425 875
426 874
427 875
428 878
429 872
430 874
431 876
432 876
433 873
434 874
435 873
436 871
437 871
438 870
439 870
440 868
441 869
442 867
443 862
444 862
445 865
446 865
447 866
448 866
449 869
450 868
451 867
452 869
453 870
454 870
455 869
456 872
457 867
458 867
459 869
460 873
461 870
462 870
463 871
464 873
465 872
466 874
467 872
468 875
469 877
470 873
471 874
472 874
473 874
474 874
475 874
476 876
477 880
478 884
479 885
480 884
481 893
482 892
483 889
484 890
485 890
486 893
487 895
488 895
489 896
490 896
491 896
492 898
493 899
494 899
495 899
496 896
497 897
498 900
499 902
500 905
501 905
502 903
503 900
504 901
505 903
506 901
507 901
508 899
509 899
510 900
511 897
512 896
513 896
514 879
515 866
516 862
517 859
518 858
519 851
520 845
521 840
522 838
523 826
524 828
525 823
526 815
527 811
528 810
529 808
530 797
531 788
532 787
533 780
534 759
535 741
536 727
537 716
538 712
539 699
540 695
541 688
542 681
543 679
544 675
545 681
546 681
547 682
548 680
549 679
550 673
551 672
552 671
553 672
554 675
555 675
556 676
557 673
558 673
559 670
560 671
561 670
562 673
563 674
564 678
565 676
566 677
567 677
568 676
569 673
570 674
571 674
572 672
573 670
574 666
575 669
576 666
577 661
578 658
579 654
580 659
581 658
582 656
583 655
584 656
585 654
586 653
587 650
588 652
589 652
590 652
591 653
592 654
593 651
594 643
595 646
596 648
597 649
598 655
599 658
600 658
601 661
602 663
603 662
604 661
605 664
606 666
607 677
608 680
609 678
610 680
611 683
612 683
613 684
614 682
615 683
616 684
617 687
618 685
619 691
620 691
621 691
622 693
623 698
624 702
625 702
626 703
627 704
628 707
629 707
630 709
631 711
632 709
633 705
634 706
635 709
636 708
637 712
638 713
639 716
640 716
641 720
642 722
643 725
644 730
645 729
646 729
647 731
648 731
649 733
650 738
651 742
652 744
653 746
654 746
655 750
656 754
657 752
658 752
659 753
660 753
661 754
662 754
663 757
664 755
665 753
666 751
667 749
668 749
669 747
670 747
671 747
672 746
673 746
674 749
675 748
676 750
677 752
678 754
679 756
680 756
681 754
682 752
683 748
684 746
685 746
686 748
687 746
688 745
689 746
690 744
691 736
692 735
693 737
694 735
695 731
696 731
697 730
698 726
699 725
700 722
701 723
702 722
703 722
704 721
705 721
706 716
707 714
708 713
709 707
710 705
711 710
712 704
713 704
714 702
715 701
716 700
717 699
718 697
719 699
720 700
721 697
722 695
723 697
724 693
725 692
726 688
727 687
728 689
729 687
730 686
731 684
732 682
733 685
734 684
735 683
736 678
737 680
738 674
739 669
740 669
741 669
742 664
743 663
744 661
745 661
746 663
747 664
748 664
749 664
750 662
751 661
752 662
753 668
754 670
755 671
756 669
757 669
758 671
759 673
760 675
761 681
762 685
763 682
764 683
765 686
766 687
767 687
768 684
769 679
770 678
771 672
772 676
773 674
774 673
775 671
776 672
777 685
778 694
779 692
780 692
781 691
782 689
783 697
784 698
785 699
786 703
787 701
788 707
789 711
790 706
791 715
792 715
793 722
794 720
795 715
796 714
797 716
798 726
799 727
800 732
801 733
802 737
803 742
804 748
805 749
806 750
807 754
808 759
809 767
810 772
811 770
812 767
813 767
814 771
815 775
816 777
817 777
818 787
819 790
820 789
821 790
822 797
823 798
824 799
825 794
826 796
827 802
828 805
829 806
830 811
831 817
832 816
833 818
834 816
835 816
836 812
837 809
838 801
839 804
840 803
841 801
842 795
843 797
844 802
845 805
846 804
847 804
848 797
849 795
850 798
851 799
852 796
853 795
854 793
855 792
856 796
857 792
858 789
859 791
860 789
861 790
862 788
863 787
864 787
865 785
866 780
867 780
868 781
869 774
870 774
871 774
872 782
873 787
874 782
875 782
876 782
877 776
878 780
879 774
880 773
881 770
882 769
883 769
884 768
885 762
886 760
887 757
888 756
889 756
890 753
891 751
892 750
893 751
894 752
895 753
896 754
897 761
898 759
899 759
900 759
901 761
902 760
903 760
904 760
905 764
906 766
907 769
908 774
909 777
910 777
911 779
912 780
913 782
914 784
915 785
916 788
917 791
918 791
919 793
920 796
921 799
922 801
923 803
924 802
925 804
926 805
927 807
928 816
929 817
930 818
931 820
932 821
933 826
934 830
935 826
936 824
937 824
938 821
939 821
940 822
941 827
942 837
943 846
944 845
945 851
946 855
947 860
948 863
949 863
950 867
951 877
952 878
953 878
954 887
955 888
956 889
957 898
958 900
959 908
960 906
961 910
962 915
963 917
964 919
965 924
966 934
967 941
968 946
969 946
970 948
971 954
972 960
973 963
974 969
975 970
976 975
977 983
978 985
979 985
980 989
981 992
982 991
983 990
984 993
985 994
986 999
987 994
988 1003
989 1005
990 1005
991 1009
992 1002
993 1001
994 1002
995 1001
996 995
997 994
998 990
999 988
