0 459
1 440
2 423
3 409
4 401
5 392
6 378
7 356
8 343
9 336
10 332
11 328
12 325
13 324
14 323
15 321
16 321
17 321
18 320
19 318
20 307
21 302
22 295
23 291
24 285
25 281
26 280
27 280
28 280
29 280
30 280
31 279
32 277
33 276
34 275
35 274
36 274
37 274
38 278
39 279
40 280
41 280
42 280
43 279
44 279
45 277
46 276
47 275
48 275
49 275
50 275
51 274
52 273
53 270
54 269
55 269
56 269
57 269
58 269
59 269
60 269
61 269
62 267
63 266
64 266
65 267
66 266
67 266
68 267
69 267
70 267
71 268
72 268
73 267
74 266
75 266
76 265
77 262
78 259
79 257
80 255
81 255
82 254
83 253
84 253
85 252
86 250
87 249
88 249
89 250
90 249
91 249
92 249
93 249
94 249
95 249
96 249
97 249
98 249
99 249
100 249
101 250
102 251
103 251
104 251
105 252
106 251
107 251
108 252
109 252
110 252
111 250
112 251
113 252
114 253
115 254
116 254
117 254
118 254
119 255
120 256
121 256
122 257
123 258
124 259
125 260
126 261
127 261
128 261
129 262
130 262
131 262
132 262
133 261
134 260
135 261
136 261
137 260
138 261
139 261
140 259
141 258
142 257
143 254
144 255
145 254
146 253
147 253
148 252
149 253
150 254
151 254
152 255
153 256
154 258
155 260
156 260
157 261
158 262
159 264
160 265
161 266
162 267
163 267
164 268
165 268
166 268
167 269
168 269
169 269
170 269
171 270
172 270
173 271
174 272
175 271
176 272
177 272
178 273
179 273
180 273
181 274
182 275
183 276
184 276
185 277
186 277
187 278
188 278
189 279
190 280
191 280
192 281
193 282
194 281
195 282
196 283
197 284
198 284
199 285
200 284
201 284
202 284
203 285
204 285
205 285
206 285
207 285
208 285
209 286
210 286
211 286
212 286
213 286
214 285
215 285
216 285
217 285
218 284
219 284
220 285
221 285
222 286
223 286
224 286
225 285
226 286
227 285
228 284
229 285
230 284
231 284
232 284
233 285
234 285
235 285
236 285
237 284
238 284
239 284
240 286
241 288
242 288
243 289
244 289
245 290
246 290
247 291
248 293
249 294
250 295
251 295
252 295
253 296
254 295
255 296
256 296
257 296
258 296
259 295
260 295
261 295
262 295
263 295
264 295
265 296
266 296
267 296
268 296
269 295
270 295
271 294
272 293
273 291
274 289
275 289
276 288
277 288
278 287
279 286
280 288
281 288
282 288
283 285
284 284
285 282
286 281
287 280
288 280
289 278
290 279
291 279
292 280
293 279
294 279
295 280
296 279
297 279
298 278
299 278
300 277
301 277
302 278
303 278
304 276
305 276
306 276
307 275
308 274
309 273
310 273
311 274
312 275
313 275
314 276
315 276
316 277
317 278
318 279
319 279
320 281
321 282
322 283
323 284
324 286
325 287
326 288
327 289
328 288
329 289
330 290
331 291
332 292
333 293
334 294
335 295
336 297
337 297
338 297
339 297
340 297
341 297
342 297
343 296
344 296
345 297
346 298
347 299
348 300
349 300
350 300
351 300
352 300
353 300
354 301
355 302
356 305
357 307
358 307
359 308
360 310
361 313
362 312
363 313
364 314
365 314
366 315
367 315
368 315
369 315
370 315
371 314
372 314
373 315
374 316
375 317
376 316
377 315
378 315
379 316
380 315
381 315
382 315
383 315
384 314
385 314
386 313
387 313
388 313
389 313
390 312
391 310
392 309
393 308
394 308
395 308
396 308
397 308
398 308
399 307
400 307
401 307
402 306
403 306
404 306
405 306
406 307
407 307
408 306
409 306
410 306
411 306
412 307
413 308
414 308
415 310
416 311
417 311
418 311
419 314
420 314
421 315
422 315
423 316
424 316
425 317
426 317
427 318
428 318
429 319
430 319
431 318
432 318
433 319
434 319
435 320
436 320
437 319
438 320
439 319
440 320
441 321
442 320
443 321
444 322
445 322
446 322
447 322
448 323
449 323
450 324
451 324
452 325
453 325
454 325
455 325
456 326
457 326
458 327
459 327
460 329
461 329
462 330
463 331
464 331
465 332
466 332
467 334
468 337
469 338
470 338
471 339
472 339
473 339
474 340
475 341
476 342
477 342
478 344
479 346
480 349
481 350
482 350
483 351
484 352
485 352
486 353
487 354
488 353
489 353
490 351
491 350
492 350
493 350
494 350
495 349
496 350
497 350
498 350
499 348
500 346
501 348
502 348
503 347
504 347
505 347
506 348
507 347
508 346
509 346
510 346
511 344
512 343
513 342
514 341
515 341
516 340
517 339
518 338
519 336
520 336
521 336
522 336
523 336
524 336
525 335
526 333
527 332
528 331
529 329
530 327
531 326
532 325
533 325
534 325
535 325
536 325
537 325
538 322
539 320
540 319
541 320
542 318
543 317
544 315
545 314
546 313
547 312
548 311
549 310
550 309
551 307
552 304
553 301
554 300
555 300
556 299
557 298
558 298
559 298
560 297
561 295
562 294
563 292
564 291
565 290
566 289
567 289
568 287
569 286
570 285
571 285
572 284
573 284
574 285
575 285
576 284
577 285
578 286
579 285
580 284
581 283
582 283
583 283
584 283
585 282
586 281
587 281
588 281
589 279
590 279
591 279
592 279
593 278
594 277
595 272
596 272
597 270
598 267
599 267
600 265
601 265
602 264
603 264
604 263
605 261
606 259
607 258
608 258
609 258
610 258
611 257
612 257
613 258
614 258
615 257
616 258
617 259
618 260
619 261
620 261
621 262
622 264
623 264
624 263
625 264
626 264
627 265
628 264
629 264
630 265
631 264
632 265
633 265
634 265
635 267
636 266
637 267
638 267
639 266
640 267
641 266
642 264
643 263
644 261
645 259
646 257
647 257
648 257
649 255
650 255
651 254
652 253
653 252
654 251
655 250
656 249
657 249
658 250
659 249
660 249
661 248
662 247
663 247
664 247
665 246
666 244
667 243
668 243
669 241
670 241
671 240
672 240
673 239
674 239
675 239
676 239
677 239
678 239
679 238
680 238
681 238
682 237
683 236
684 235
685 232
686 231
687 230
688 229
689 229
690 228
691 227
692 226
693 225
694 224
695 223
696 222
697 221
698 220
699 221
700 221
701 219
702 219
703 218
704 217
705 216
706 217
707 216
708 213
709 212
710 211
711 209
712 209
713 209
714 209
715 208
716 206
717 205
718 204
719 204
720 204
721 205
722 204
723 204
724 203
725 204
726 204
727 203
728 202
729 202
730 202
731 201
732 201
733 202
734 202
735 201
736 201
737 201
738 200
739 201
740 201
741 201
742 201
743 201
744 201
745 201
746 201
747 201
748 201
749 201
750 202
751 201
752 201
753 202
754 201
755 202
756 201
757 202
758 203
759 204
760 204
761 205
762 205
763 205
764 205
765 205
766 205
767 205
768 204
769 205
770 205
771 205
772 206
773 206
774 206
775 205
776 205
777 205
778 206
779 205
780 205
781 205
782 205
783 206
784 206
785 206
786 206
787 206
788 206
789 206
790 205
791 204
792 204
793 204
794 203
795 204
796 203
797 203
798 202
799 202
800 203
801 204
802 204
803 205
804 205
805 204
806 205
807 204
808 205
809 205
810 205
811 205
812 205
813 204
814 204
815 203
816 202
817 199
818 199
819 198
820 198
821 198
822 198
823 199
824 199
825 199
826 199
827 199
828 199
829 199
830 200
831 199
832 199
833 199
834 199
835 199
836 198
837 198
838 197
839 197
840 197
841 197
842 196
843 195
844 197
845 195
846 196
847 194
848 195
849 195
850 194
851 191
852 191
853 191
854 191
855 191
856 191
857 191
858 190
859 190
860 189
861 189
862 189
863 188
864 189
865 189
866 188
867 188
868 187
869 187
870 186
871 186
872 186
873 186
874 185
875 185
876 184
877 184
878 185
879 184
880 184
881 185
882 185
883 185
884 185
885 185
886 184
887 184
888 185
889 186
890 186
891 186
892 187
893 187
894 186
895 186
896 185
897 186
898 185
899 185
900 185
901 185
902 185
903 185
904 185
905 185
906 184
907 184
908 184
909 184
910 184
911 184
912 184
913 184
914 184
915 185
916 185
917 185
918 185
919 185
920 185
921 185
922 185
923 186
924 186
925 186
926 185
927 185
928 184
929 184
930 184
931 183
932 183
933 183
934 183
935 182
936 182
937 182
938 182
939 180
940 180
941 180
942 180
943 179
944 178
945 178
946 179
947 178
948 178
949 176
950 175
951 175
952 175
953 175
954 174
955 174
956 174
957 174
958 174
959 174
960 174
961 174
962 173
963 174
964 174
965 174
966 174
967 175
968 175
969 175
970 175
971 175
972 175
973 174
974 174
975 173
976 173
977 173
978 173
979 173
980 172
981 173
982 173
983 173
984 173
985 173
986 173
987 172
988 171
989 171
990 170
991 170
992 170
993 169
994 167
995 167
996 166
997 166
998 166
999 165
