0 1051047
1 1052864
2 1055423
3 1055215
4 1054957
5 1054103
6 1050135
7 1045231
8 1037838
9 1030164
10 1019791
11 1005063
12 998662
13 992410
14 979707
15 970987
16 961357
17 953614
18 946091
19 938909
20 929375
21 923518
22 916031
23 908813
24 901126
25 892891
26 887366
27 877403
28 868365
29 862914
30 854658
31 844516
32 837553
33 827810
34 821839
35 817341
36 807689
37 800434
38 791513
39 782665
40 768746
41 763484
42 755430
43 745797
44 737667
45 730934
46 722244
47 711480
48 703338
49 693977
50 686551
51 679904
52 672023
53 661833
54 653096
55 644574
56 638945
57 632543
58 628090
59 617053
60 609725
61 600314
62 593380
63 580301
64 575450
65 571080
66 563980
67 560410
68 555380
69 543790
70 537940
71 525856
72 520347
73 513054
74 502104
75 498264
76 490144
77 487180
78 477125
79 470723
80 466501
81 462261
82 459787
83 455573
84 449713
85 447476
86 443481
87 437749
88 435695
89 432991
90 429640
91 426580
92 424545
93 422077
94 420411
95 419770
96 418188
97 416761
98 415744
99 415549
100 415690
101 415528
102 415540
103 415314
104 414879
105 414376
106 414209
107 414036
108 414096
109 414004
110 412454
111 410391
112 408098
113 407616
114 406043
115 403837
116 404414
117 404028
118 401240
119 401700
120 399989
121 399838
122 398828
123 396453
124 396514
125 395682
126 393970
127 393001
128 393669
129 393290
130 393356
131 393650
132 394128
133 395469
134 396564
135 398074
136 398490
137 398818
138 400107
139 401040
140 402771
141 404100
142 406203
143 407774
144 409504
145 410838
146 412369
147 413435
148 415977
149 417298
150 418905
151 420007
152 422222
153 423627
154 425271
155 426805
156 428773
157 430732
158 432450
159 434071
160 435646
161 438491
162 439879
163 441899
164 443820
165 445305
166 446445
167 447479
168 448704
169 450200
170 452044
171 453331
172 455223
173 456772
174 457923
175 459742
176 460794
177 462931
178 463206
179 463267
180 464914
181 464435
182 465372
183 463425
184 462692
185 462924
186 461087
187 457951
188 457020
189 454114
190 451533
191 447725
192 446711
193 444110
194 441103
195 439497
196 437556
197 434644
198 433434
199 429475
200 426253
201 423777
202 419953
203 417548
204 414953
205 412570
206 409607
207 406746
208 404982
209 402437
210 399211
211 394572
212 391990
213 389483
214 385714
215 383475
216 379576
217 376735
218 374093
219 370076
220 366908
221 363213
222 361123
223 358116
224 354667
225 352506
226 349997
227 348686
228 345668
229 342886
230 340559
231 337751
232 334687
233 331012
234 329755
235 326265
236 323318
237 322120
238 317163
239 315093
240 311148
241 309534
242 305462
243 304900
244 299962
245 298142
246 295925
247 292265
248 288890
249 287526
250 285555
251 284508
252 282239
253 280960
254 280188
255 279653
256 277715
257 276153
258 275211
259 274383
260 272199
261 270988
262 269900
263 268884
264 268034
265 267167
266 266703
267 265757
268 265457
269 263604
270 262836
271 261249
272 260341
273 260186
274 259666
275 259244
276 257639
277 258150
278 256880
279 255826
280 254899
281 254529
282 254121
283 253390
284 252114
285 250985
286 250596
287 249859
288 249554
289 248936
290 248355
291 248013
292 247851
293 247480
294 247637
295 247424
296 246829
297 246187
298 245833
299 245233
300 245085
301 244918
302 244236
303 244100
304 244037
305 243884
306 244704
307 244669
308 244762
309 244732
310 245107
311 245621
312 245830
313 245752
314 246417
315 246814
316 247806
317 248644
318 249202
319 250821
320 252075
321 252679
322 253904
323 254950
324 256692
325 259168
326 259560
327 260697
328 261592
329 263031
330 264195
331 264999
332 265829
333 265639
334 267237
335 267931
336 268719
337 269103
338 269802
339 270726
340 270707
341 271472
342 272345
343 272807
344 274124
345 274972
346 276365
347 277815
348 278997
349 280534
350 281764
351 283063
352 284220
353 284918
354 285017
355 286586
356 287796
357 288588
358 289977
359 291016
360 292205
361 294136
362 296229
363 297214
364 299222
365 300526
366 301588
367 302323
368 302536
369 303170
370 304505
371 305186
372 304826
373 304385
374 305162
375 305228
376 305032
377 304785
378 304486
379 304863
380 305024
381 304954
382 306157
383 304288
384 304163
385 304504
386 304403
387 304018
388 303579
389 303509
390 303919
391 303275
392 302109
393 302314
394 301763
395 301063
396 300677
397 299977
398 299800
399 299672
400 298294
401 299398
402 297740
403 297590
404 295763
405 295945
406 294970
407 294430
408 293370
409 292677
410 291578
411 288320
412 285962
413 284416
414 283328
415 281746
416 281465
417 280448
418 279162
419 278477
420 277222
421 276136
422 275558
423 274851
424 273242
425 273070
426 273708
427 273062
428 273810
429 273722
430 273813
431 274440
432 274203
433 274070
434 274257
435 275445
436 278805
437 278531
438 277765
439 277183
440 276804
441 276393
442 275791
443 275640
444 275105
445 274653
446 273930
447 273731
448 273429
449 272816
450 272436
451 272079
452 271800
453 271675
454 271594
455 270849
456 270104
457 269852
458 269623
459 269637
460 269590
461 269108
462 268789
463 268152
464 268023
465 267483
466 266849
467 266785
468 266471
469 266111
470 266009
471 265572
472 265354
473 265315
474 265259
475 265317
476 265546
477 265322
478 264964
479 264532
480 264625
481 265044
482 265007
483 265006
484 264482
485 265181
486 266187
487 267340
488 268474
489 269193
490 268865
491 269230
492 271078
493 273300
494 274367
495 274698
496 274648
497 273788
498 273619
499 272539
500 272002
501 271599
502 271832
503 272303
504 272756
505 272413
506 273235
507 273273
508 273643
509 274011
510 274332
511 274962
512 274838
513 275593
514 276099
515 276524
516 276578
517 277014
518 277340
519 277759
520 277576
521 278376
522 279000
523 278912
524 279502
525 280306
526 280710
527 280103
528 281364
529 281849
530 282626
531 283635
532 284811
533 285178
534 286351
535 286879
536 287464
537 287684
538 288084
539 288711
540 289552
541 290295
542 290829
543 291900
544 292283
545 290949
546 290529
547 290114
548 289747
549 289104
550 289083
551 288743
552 289255
553 289562
554 289483
555 289223
556 287928
557 287376
558 286781
559 286288
560 284686
561 284140
562 283833
563 284474
564 284628
565 284086
566 283987
567 283633
568 284078
569 284154
570 284672
571 285445
572 286040
573 286749
574 285873
575 285902
576 285572
577 286177
578 287031
579 287364
580 288099
581 289810
582 292216
583 293697
584 294991
585 295152
586 297079
587 299910
588 302304
589 304495
590 306431
591 307307
592 308170
593 309186
594 311237
595 311097
596 310713
597 311324
598 312496
599 311904
600 311116
601 310885
602 310964
603 309840
604 312193
605 310844
606 311672
607 311372
608 309570
609 308192
610 307030
611 304791
612 302762
613 301577
614 300067
615 299310
616 298320
617 298109
618 297149
619 296247
620 294565
621 293877
622 293136
623 292919
624 291385
625 290448
626 290199
627 289653
628 289037
629 288067
630 286657
631 285858
632 284544
633 283567
634 282576
635 281498
636 280651
637 280644
638 281058
639 280573
640 280377
641 280069
642 280299
643 279512
644 279372
645 280079
646 279949
647 280058
648 280524
649 281145
650 281303
651 280907
652 280748
653 280825
654 281163
655 281043
656 281655
657 281906
658 282938
659 283951
660 285186
661 285738
662 285805
663 286456
664 286522
665 286322
666 286595
667 286585
668 284269
669 281946
670 281200
671 279606
672 278964
673 279151
674 280052
675 279796
676 280583
677 281776
678 282695
679 283262
680 283991
681 284323
682 284851
683 285326
684 286432
685 286846
686 287165
687 287827
688 288562
689 289558
690 289985
691 290409
692 291356
693 291920
694 292967
695 293137
696 293789
697 294537
698 295312
699 295801
700 296332
701 296939
702 297362
703 298395
704 299021
705 299678
706 300108
707 300677
708 301144
709 301551
710 302205
711 302631
712 302986
713 303302
714 303707
715 304098
716 304226
717 304465
718 303205
719 299837
720 298631
721 297959
722 295324
723 294105
724 291997
725 291020
726 290126
727 290292
728 289004
729 289121
730 287680
731 286289
732 286134
733 285486
734 285349
735 284526
736 283346
737 281781
738 281182
739 280345
740 280130
741 279887
742 279392
743 277989
744 277666
745 276298
746 275846
747 274893
748 274250
749 273602
750 272983
751 271810
752 270971
753 269591
754 268837
755 267706
756 265962
757 263998
758 263232
759 261402
760 259918
761 258910
762 258047
763 256969
764 256139
765 255618
766 254709
767 253519
768 252844
769 251374
770 250264
771 248986
772 248101
773 247110
774 246050
775 244685
776 243930
777 243373
778 242068
779 240874
780 240336
781 239960
782 239101
783 238676
784 238003
785 238127
786 238763
787 238247
788 239225
789 238575
790 237480
791 237255
792 237992
793 237376
794 236961
795 237439
796 237757
797 237670
798 237087
799 236454
800 235529
801 234587
802 233151
803 232247
804 230890
805 229900
806 228198
807 225721
808 224565
809 222748
810 219641
811 217801
812 215819
813 212355
814 209752
815 207433
816 204498
817 202001
818 198325
819 195515
820 193047
821 192004
822 189188
823 185753
824 184451
825 183865
826 181755
827 178942
828 176126
829 175407
830 173000
831 171740
832 168444
833 166427
834 165061
835 164054
836 162776
837 160708
838 160368
839 159612
840 159136
841 158584
842 158289
843 157910
844 158282
845 158657
846 158613
847 157954
848 157880
849 158761
850 159695
851 160025
852 160480
853 161028
854 162053
855 162883
856 164924
857 165721
858 166802
859 168748
860 170809
861 171951
862 173739
863 174815
864 175174
865 177410
866 179092
867 179434
868 181182
869 182292
870 183366
871 185081
872 186961
873 188028
874 188985
875 189814
876 190863
877 191537
878 192547
879 193217
880 193827
881 194555
882 195758
883 196648
884 196984
885 197007
886 198520
887 198640
888 199462
889 199211
890 198833
891 198107
892 196870
893 197991
894 197247
895 196534
896 196763
897 196649
898 196566
899 196582
900 196623
901 196646
902 196523
903 196599
904 196433
905 196167
906 196036
907 196193
908 196103
909 195559
910 195173
911 195513
912 195662
913 195139
914 195189
915 195101
916 194851
917 194771
918 194579
919 194428
920 194318
921 194321
922 194670
923 194735
924 194450
925 194130
926 194883
927 195249
928 196038
929 196268
930 197493
931 198031
932 199639
933 200315
934 200970
935 201390
936 202927
937 203638
938 204024
939 203918
940 204638
941 205202
942 205901
943 206723
944 207145
945 207033
946 208167
947 208645
948 209148
949 209953
950 210950
951 211751
952 212102
953 212929
954 212800
955 213235
956 213846
957 213786
958 213937
959 213940
960 214078
961 213997
962 214291
963 214281
964 214561
965 215734
966 216420
967 217559
968 219140
969 220086
970 221290
971 222914
972 225972
973 227125
974 228366
975 229881
976 231339
977 232813
978 234732
979 235536
980 236768
981 238154
982 240572
983 242445
984 244282
985 247900
986 250019
987 251842
988 254709
989 256664
990 259195
991 261224
992 264136
993 266779
994 269320
995 271739
996 272234
997 272343
998 271986
999 271967
