0 5955173
1 5977875
2 6012182
3 6047550
4 6105318
5 6122761
6 6170832
7 6204098
8 6238229
9 6215989
10 6224640
11 6259038
12 6291230
13 6307107
14 6316725
15 6320945
16 6349182
17 6359597
18 6385093
19 6396322
20 6421005
21 6443432
22 6502164
23 6508277
24 6537042
25 6546498
26 6594027
27 6616318
28 6597780
29 6595072
30 6624106
31 6641642
32 6664407
33 6668991
34 6692529
35 6695200
36 6709300
37 6771954
38 6793978
39 6823914
40 6924952
41 6933265
42 6979814
43 7150864
44 7270466
45 7256300
46 7276856
47 7287955
48 7279504
49 7284970
50 7320578
51 7341085
52 7391781
53 7454559
54 7490975
55 7505744
56 7519696
57 7585118
58 7588774
59 7595655
60 7617976
61 7655560
62 7615807
63 7623645
64 7626751
65 7727011
66 7757981
67 7750775
68 7746384
69 7747370
70 7752372
71 7799145
72 7794478
73 7817143
74 7875307
75 7894706
76 7917664
77 7941119
78 8037108
79 8042461
80 8042908
81 8048839
82 8056297
83 8107681
84 8131696
85 8161131
86 8207488
87 8226831
88 8272261
89 8295498
90 8306092
91 8332666
92 8350569
93 8371078
94 8406947
95 8441288
96 8448752
97 8473037
98 8478284
99 8498987
100 8504947
101 8512867
102 8546646
103 8543128
104 8547362
105 8551855
106 8614577
107 8639104
108 8670198
109 8673278
110 8690698
111 8722023
112 8718280
113 8742043
114 8734777
115 8729619
116 8729492
117 8742338
118 8736043
119 8738875
120 8752520
121 8771591
122 8836493
123 8842818
124 8857113
125 8907667
126 8949527
127 8976385
128 9033453
129 9041928
130 9063789
131 9083807
132 9090298
133 9102704
134 9095315
135 9087735
136 9061342
137 9051067
138 9068159
139 9089317
140 9085414
141 9074995
142 9076258
143 9083384
144 9119112
145 9120326
146 9121774
147 9130892
148 9136185
149 9159704
150 9150159
151 9128236
152 9143667
153 9149816
154 9136148
155 9133240
156 9149996
157 9145939
158 9161577
159 9165789
160 9158442
161 9154763
162 9136582
163 9138850
164 9186701
165 9220087
166 9192022
167 9181785
168 9194994
169 9186708
170 9219696
171 9207917
172 9243842
173 9234680
174 9239581
175 9226658
176 9231431
177 9222884
178 9199382
179 9187797
180 9194470
181 9208412
182 9204410
183 9220998
184 9222182
185 9226776
186 9257618
187 9252306
188 9255343
189 9268752
190 9252520
191 9254138
192 9267168
193 9266190
194 9252350
195 9259878
196 9268127
197 9271703
198 9274098
199 9272382
200 9260718
201 9271503
202 9268248
203 9263291
204 9268123
205 9327739
206 9342945
207 9373689
208 9392433
209 9414735
210 9426169
211 9436448
212 9429500
213 9417149
214 9423456
215 9429394
216 9431525
217 9423562
218 9415831
219 9422035
220 9413169
221 9422912
222 9436135
223 9418245
224 9419559
225 9435081
226 9437079
227 9441157
228 9423043
229 9383432
230 9402660
231 9386714
232 9354479
233 9349474
234 9323502
235 9288848
236 9244603
237 9215110
238 9209279
239 9179947
240 9155673
241 9127909
242 9090333
243 9080280
244 9046707
245 9000294
246 8967789
247 8943772
248 8914999
249 8880419
250 8866953
251 8845944
252 8823876
253 8814750
254 8800162
255 8798388
256 8754878
257 8755330
258 8764910
259 8789967
260 8771978
261 8753494
262 8744955
263 8722045
264 8703159
265 8709052
266 8660991
267 8626124
268 8571567
269 8496727
270 8486260
271 8485198
272 8422960
273 8445382
274 8426760
275 8400663
276 8277418
277 8257541
278 8193246
279 8186820
280 8149703
281 8165355
282 8130212
283 8111943
284 8191799
285 8351757
286 8396962
287 8403757
288 8454202
289 8503402
290 8503911
291 8655551
292 8712056
293 8780545
294 8886940
295 8975945
296 9116617
297 9326447
298 9420008
299 9520491
300 9725007
301 9849259
302 9899144
303 9943926
304 9940706
305 9940372
306 9929821
307 9954378
308 9985010
309 9993545
310 9982224
311 10027421
312 10029887
313 10046004
314 10053570
315 9988405
316 9998365
317 10010929
318 10004412
319 9982737
320 9984066
321 9956821
322 9953191
323 9948317
324 9901810
325 9897697
326 9896348
327 9893634
328 9883299
329 9877530
330 9863870
331 9877811
332 9865149
333 9837496
334 9816727
335 9801764
336 9784596
337 9777392
338 9752322
339 9747229
340 9765285
341 9767239
342 9793670
343 9853866
344 9901281
345 9894282
346 9892492
347 9905861
348 9902863
349 9898220
350 9875996
351 9869953
352 9850566
353 9832050
354 9831243
355 9827392
356 9760418
357 9768779
358 9753157
359 9738195
360 9715716
361 9678643
362 9680546
363 9661211
364 9656428
365 9653393
366 9636980
367 9621230
368 9616859
369 9615800
370 9601680
371 9584973
372 9541213
373 9550082
374 9540714
375 9505153
376 9478471
377 9474237
378 9460185
379 9448042
380 9435038
381 9417471
382 9407771
383 9398672
384 9401950
385 9400207
386 9406619
387 9410427
388 9404173
389 9405615
390 9401420
391 9403432
392 9412286
393 9402416
394 9376951
395 9378426
396 9408004
397 9408495
398 9419213
399 9448622
400 9460961
401 9472895
402 9482393
403 9473496
404 9484792
405 9473996
406 9451547
407 9476453
408 9468425
409 9462329
410 9446315
411 9446924
412 9466728
413 9455413
414 9425234
415 9387845
416 9382326
417 9381140
418 9377051
419 9368385
420 9340703
421 9336448
422 9324747
423 9320405
424 9294852
425 9294973
426 9295511
427 9294422
428 9297344
429 9295679
430 9299359
431 9273173
432 9250568
433 9258342
434 9256657
435 9257690
436 9249209
437 9244499
438 9240048
439 9230737
440 9209562
441 9203526
442 9192804
443 9201237
444 9201844
445 9214361
446 9220351
447 9233052
448 9248307
449 9257599
450 9261674
451 9246704
452 9251421
453 9256756
454 9254844
455 9256506
456 9263665
457 9216971
458 9200635
459 9210544
460 9239912
461 9235201
462 9228519
463 9247769
464 9257036
465 9242903
466 9252295
467 9252126
468 9268183
469 9266246
470 9259231
471 9267368
472 9281650
473 9286122
474 9295463
475 9293017
476 9314986
477 9330176
478 9331277
479 9345143
480 9341437
481 9378035
482 9371716
483 9368327
484 9365739
485 9356897
486 9404023
487 9390724
488 9350869
489 9333440
490 9346531
491 9336672
492 9348339
493 9369708
494 9386984
495 9387581
496 9379290
497 9374114
498 9373034
499 9374831
500 9348009
501 9346513
502 9340093
503 9326270
504 9310967
505 9310046
506 9311860
507 9314487
508 9330585
509 9332356
510 9326731
511 9302017
512 9296165
513 9276696
514 9117165
515 9032809
516 9008884
517 8977615
518 8961819
519 8879369
520 8831151
521 8771081
522 8735543
523 8625652
524 8639271
525 8588587
526 8525896
527 8464986
528 8442491
529 8416111
530 8319083
531 8218113
532 8191257
533 8128372
534 7910383
535 7693365
536 7552126
537 7441669
538 7396771
539 7259297
540 7192208
541 7075122
542 6998101
543 6994289
544 6940808
545 7002052
546 6982157
547 6958857
548 6945324
549 6936486
550 6885139
551 6892875
552 6883790
553 6901205
554 6926612
555 6942494
556 6941241
557 6939277
558 6947579
559 6940526
560 6946204
561 6955358
562 6979686
563 6992099
564 7025285
565 7054509
566 7055298
567 7047397
568 7066406
569 7086685
570 7078770
571 7069812
572 7053118
573 7036156
574 7010531
575 7034942
576 7001926
577 6964755
578 6929922
579 6931954
580 6915386
581 6886133
582 6890848
583 6892714
584 6897870
585 6895687
586 6883414
587 6857711
588 6887075
589 6873213
590 6864610
591 6864021
592 6881522
593 6888102
594 6877628
595 6893085
596 6915841
597 6922762
598 6987603
599 6994544
600 6997684
601 7017284
602 7055595
603 7066951
604 7074303
605 7102682
606 7128978
607 7245839
608 7286318
609 7291247
610 7297029
611 7326092
612 7332587
613 7357924
614 7394403
615 7436486
616 7451158
617 7489265
618 7482416
619 7522325
620 7517925
621 7513671
622 7541203
623 7595512
624 7619078
625 7625458
626 7622746
627 7630967
628 7655476
629 7659175
630 7665564
631 7679195
632 7669055
633 7628312
634 7604401
635 7655119
636 7645437
637 7674189
638 7678471
639 7704320
640 7712235
641 7749008
642 7763025
643 7774846
644 7804067
645 7798119
646 7811459
647 7838236
648 7844458
649 7846361
650 7918107
651 7953348
652 7969567
653 7981902
654 7989267
655 8026787
656 8065598
657 8069844
658 8084716
659 8119017
660 8113476
661 8103028
662 8106074
663 8099621
664 8091083
665 8083075
666 8079524
667 8070427
668 8053806
669 8038595
670 8036230
671 8027448
672 8015751
673 8005779
674 7999184
675 7994119
676 8008732
677 8024052
678 8020579
679 8012540
680 8004748
681 7992649
682 7976269
683 7954626
684 7930496
685 7929380
686 7925545
687 7915697
688 7906403
689 7934514
690 7922424
691 7851135
692 7838413
693 7835937
694 7855994
695 7817275
696 7805155
697 7799362
698 7799688
699 7791595
700 7789876
701 7799002
702 7801845
703 7820520
704 7830429
705 7841072
706 7808940
707 7832502
708 7846528
709 7842242
710 7824958
711 7881145
712 7907814
713 7910408
714 7894214
715 7903290
716 7902496
717 7902995
718 7886953
719 7916084
720 7936926
721 7929309
722 7909118
723 7938036
724 7939529
725 7940650
726 7918284
727 7912636
728 7939897
729 7932750
730 7929731
731 7921653
732 7950159
733 7967486
734 7965954
735 7968931
736 7918607
737 7941895
738 7954550
739 7956581
740 7944587
741 7954581
742 7963101
743 7948736
744 7926223
745 7923308
746 7936141
747 7951129
748 7965836
749 7977991
750 7973481
751 7962800
752 7963514
753 8001332
754 8026873
755 8020692
756 7996475
757 7979191
758 7988632
759 8006688
760 8037298
761 8100747
762 8149789
763 8127925
764 8149637
765 8165674
766 8156861
767 8155264
768 8131474
769 8072867
770 8058486
771 7995115
772 8014996
773 8004412
774 8003661
775 7980028
776 7994045
777 8106822
778 8202354
779 8172521
780 8150302
781 8149388
782 8149029
783 8251566
784 8251851
785 8241880
786 8268964
787 8252065
788 8314508
789 8375287
790 8374268
791 8432739
792 8439165
793 8494481
794 8479104
795 8437957
796 8427298
797 8446471
798 8547189
799 8562387
800 8585403
801 8587837
802 8620578
803 8691665
804 8742666
805 8745627
806 8753309
807 8768673
808 8807878
809 8874560
810 8919669
811 8905765
812 8869629
813 8867065
814 8899532
815 8888705
816 8900915
817 8918611
818 8984838
819 8991678
820 9015135
821 9053441
822 9129768
823 9142178
824 9146629
825 9105139
826 9134829
827 9170849
828 9190124
829 9170921
830 9224924
831 9299312
832 9294447
833 9283492
834 9275164
835 9283221
836 9279447
837 9274606
838 9179685
839 9179741
840 9163700
841 9153147
842 9092166
843 9069584
844 9088235
845 9104166
846 9097864
847 9095137
848 9035601
849 9045459
850 9063963
851 9049384
852 9028566
853 9006370
854 8997765
855 8998414
856 9045716
857 9025101
858 9000563
859 9011432
860 9023246
861 9036026
862 9014298
863 8992226
864 8967508
865 8949787
866 8941603
867 8933239
868 8952985
869 8924434
870 8930575
871 8946453
872 9034303
873 9104409
874 9047374
875 9049392
876 9055074
877 9012846
878 9049518
879 9012655
880 9004976
881 8972728
882 8972934
883 8996303
884 8995961
885 8912719
886 8898380
887 8874842
888 8873788
889 8864245
890 8839667
891 8810905
892 8818169
893 8829410
894 8837634
895 8841932
896 8855617
897 8924204
898 8926547
899 8932275
900 8930792
901 8956774
902 8963514
903 8976661
904 8975050
905 9004021
906 9022547
907 9034323
908 9053661
909 9082109
910 9100362
911 9131799
912 9156520
913 9172536
914 9188987
915 9210831
916 9251760
917 9269792
918 9291123
919 9331631
920 9362740
921 9408202
922 9460726
923 9483065
924 9489650
925 9511877
926 9540103
927 9558347
928 9638067
929 9636729
930 9642756
931 9650654
932 9646733
933 9660316
934 9657806
935 9623288
936 9610623
937 9603720
938 9569695
939 9543213
940 9537622
941 9564036
942 9650151
943 9654812
944 9621994
945 9666192
946 9692093
947 9720322
948 9718110
949 9724796
950 9757281
951 9849950
952 9834426
953 9804798
954 9812371
955 9802210
956 9837283
957 9860278
958 9883148
959 9860589
960 9861394
961 9892679
962 9904096
963 9932679
964 9950686
965 9985640
966 10102722
967 10182852
968 10182344
969 10208126
970 10214299
971 10257994
972 10290774
973 10288391
974 10280835
975 10282334
976 10309995
977 10376164
978 10386067
979 10392814
980 10404135
981 10431384
982 10424721
983 10407168
984 10440882
985 10444830
986 10461694
987 10406691
988 10410703
989 10402185
990 10401080
991 10433729
992 10380924
993 10360052
994 10360027
995 10326493
996 10295643
997 10270288
998 10243639
999 10207511
