1 289093839
2 276895493
3 265314013
4 257525243
5 249305361
6 240735195
7 223086673
8 213558423
9 206099404
10 201719396
11 197612857
12 192953608
13 189279023
14 186611481
15 183313018
16 181140185
17 179006010
18 177290881
19 174241740
20 167100712
21 162503251
22 157853226
23 154424008
24 150022159
25 147447821
26 145206389
27 143296349
28 142235380
29 141004697
30 139848101
31 138262599
32 136236775
33 134878703
34 132952038
35 131205280
36 129863128
37 128548824
38 128287239
39 128056978
40 127550863
41 127050940
42 126217490
43 124929449
44 123796758
45 122528511
46 121034310
47 119505940
48 118909083
49 118052965
50 117352882
51 116265018
52 115083766
53 113034681
54 111903011
55 110711961
56 109881593
57 109477925
58 108687338
59 108289035
60 107829383
61 106934521
62 105986669
63 105245819
64 104894912
65 104381344
66 103773399
67 103435574
68 102891047
69 102501383
70 101871133
71 101548797
72 100848636
73 100349584
74 99867614
75 99418446
76 98966363
77 97615190
78 96427767
79 95165390
80 94558223
81 93736960
82 93092653
83 92858494
84 92254140
85 91657282
86 90651838
87 89877028
88 89177965
89 88870919
90 88450831
91 88017430
92 87731668
93 87247722
94 86837799
95 86331831
96 85836375
97 85540569
98 85245378
99 84759807
100 84412648
101 84019569
102 83594306
103 83085613
104 82544971
105 82196853
106 81765524
107 81313386
108 80797298
109 80104240
110 79499677
111 78802170
112 78477999
113 78175999
114 78112257
115 78009234
116 77852522
117 77607150
118 77216314
119 77029711
120 76740045
121 76509398
122 76163437
123 75945062
124 75718169
125 75553738
126 75487611
127 75254586
128 74824971
129 74622312
130 74256635
131 73811297
132 73419890
133 72969885
134 72494739
135 72210686
136 72057609
137 71427663
138 71249937
139 71012439
140 70552817
141 69887440
142 69517665
143 68784300
144 68372645
145 67965098
146 67411199
147 67117886
148 66823840
149 66693458
150 66499691
151 66283866
152 66214212
153 66196674
154 66330055
155 66306021
156 66090724
157 65983830
158 65936423
159 65944210
160 65701144
161 65677363
162 65646341
163 65699538
164 65633213
165 65641070
166 65499332
167 65620164
168 65601072
169 65660934
170 65763708
171 65678963
172 65597834
173 65518201
174 65510543
175 65548743
176 65471017
177 65405261
178 65350834
179 65349173
180 65378205
181 65423625
182 65554110
183 65583654
184 65622893
185 65644839
186 65694493
187 65782325
188 65854114
189 65913244
190 66052401
191 66154782
192 66193478
193 66211106
194 66183201
195 66243316
196 66332064
197 66445420
198 66570487
199 66543920
200 66511455
201 66548783
202 66522508
203 66511053
204 66581100
205 66709459
206 66802127
207 66937702
208 67068019
209 67086702
210 67062731
211 66955099
212 66905378
213 66741942
214 66736520
215 66490342
216 66171136
217 66059986
218 65782415
219 65675788
220 65596636
221 65474061
222 65405385
223 65167320
224 65000713
225 64919874
226 64734352
227 64450505
228 64272737
229 64224133
230 63991727
231 63887105
232 63718119
233 63354393
234 63246626
235 63109515
236 62908502
237 62812223
238 62599356
239 62509564
240 62434685
241 62299780
242 62219355
243 62140846
244 62126190
245 62109863
246 61965314
247 61905085
248 61856702
249 61828352
250 61918449
251 61909135
252 61857496
253 61864547
254 61685561
255 61620409
256 61542149
257 61366067
258 61358127
259 61194562
260 61138944
261 61108225
262 61166419
263 61103327
264 61068026
265 61126850
266 61133459
267 61115624
268 60900759
269 60774167
270 60806359
271 60553892
272 60200246
273 59794009
274 59335802
275 58936021
276 58716167
277 58665248
278 58281697
279 58116939
280 58023073
281 57931826
282 57789783
283 56917440
284 56676491
285 56249429
286 55950526
287 55731948
288 55478205
289 54774089
290 54927841
291 54693938
292 54644977
293 54417316
294 54300906
295 54291970
296 54082491
297 53895609
298 53436506
299 53231678
300 52957557
301 52746192
302 52644821
303 52545857
304 52143566
305 51984677
306 51728326
307 51438099
308 51220660
309 50926167
310 50830896
311 50761707
312 50583561
313 50475765
314 50653103
315 50472968
316 50506377
317 50484323
318 50490569
319 50509243
320 50698518
321 50740414
322 50901796
323 51055020
324 51210972
325 51214082
326 51316942
327 51424727
328 51224591
329 51333169
330 51398932
331 51467943
332 51515692
333 51551985
334 51596567
335 51851755
336 51954797
337 51943765
338 52007551
339 51888379
340 51893768
341 51824566
342 51715301
343 51615222
344 51524510
345 51503899
346 51543733
347 51464282
348 51553966
349 51434395
350 51387387
351 51333005
352 51363609
353 51331913
354 51448905
355 51555786
356 51817348
357 52031902
358 52092436
359 52183011
360 52209780
361 52337560
362 52183704
363 52185725
364 52053839
365 52114968
366 52210788
367 52251209
368 52266893
369 52152702
370 52158714
371 52030590
372 51968851
373 52096513
374 52115017
375 52105863
376 51933317
377 51788730
378 51718210
379 51516937
380 51339231
381 51232930
382 51114764
383 50999292
384 50817732
385 50696223
386 50672628
387 50555295
388 50486630
389 50403902
390 50263321
391 49948458
392 49736181
393 49602474
394 49499082
395 49337785
396 49290969
397 49196137
398 49026277
399 48818504
400 48606989
401 48535979
402 48305555
403 48301574
404 48259113
405 48256100
406 48384123
407 48361074
408 48297892
409 48239086
410 48337576
411 48334809
412 48389667
413 48321275
414 48354870
415 48403451
416 48531747
417 48425923
418 48337003
419 48525424
420 48608184
421 48772594
422 48776514
423 48768372
424 48738728
425 48807552
426 48797708
427 48830168
428 48811939
429 48941321
430 48969554
431 48939219
432 48896625
433 49000530
434 49085083
435 49102108
436 49167326
437 49038637
438 49073966
439 49068310
440 49242850
441 49331247
442 49325519
443 49459085
444 49486922
445 49528883
446 49504414
447 49577018
448 49616653
449 49718164
450 49763781
451 49820366
452 49844780
453 49955735
454 49957226
455 49967943
456 50108218
457 50136582
458 50280594
459 50340965
460 50655482
461 50673093
462 50733382
463 50789479
464 50866419
465 51028960
466 51181748
467 51407471
468 51688616
469 51814202
470 51814908
471 51870084
472 51867229
473 51936865
474 52018901
475 52091670
476 52199944
477 52232224
478 52459243
479 52595146
480 52781902
481 52795459
482 52839877
483 52874966
484 52895793
485 52905369
486 52996790
487 52978765
488 52889102
489 52866497
490 52711601
491 52630537
492 52712008
493 52715475
494 52640960
495 52555501
496 52626046
497 52607863
498 52563923
499 52377441
500 52159882
501 52199380
502 52102017
503 52080456
504 52024160
505 51977183
506 52045806
507 51972464
508 51884665
509 51729644
510 51579829
511 51221123
512 51010908
513 50925225
514 50836366
515 50814022
516 50650658
517 50538827
518 50322484
519 50085625
520 49942266
521 49919965
522 49831655
523 49853078
524 49826961
525 49660630
526 49322663
527 49036691
528 48951416
529 48689576
530 48301350
531 48240228
532 48066084
533 47946395
534 47849204
535 47781338
536 47711750
537 47607568
538 47249536
539 47077491
540 46806789
541 46731795
542 46504051
543 46264487
544 45948025
545 45787310
546 45472601
547 45227852
548 45010473
549 44717455
550 44500776
551 44210804
552 43873109
553 43392292
554 43139357
555 43086965
556 42911990
557 42623027
558 42454237
559 42279166
560 42029839
561 41818196
562 41607934
563 41241269
564 40938166
565 40791805
566 40617442
567 40528444
568 40273120
569 40133660
570 39860140
571 39711463
572 39522545
573 39394969
574 39253918
575 39231886
576 39075170
577 39102146
578 39124527
579 39010049
580 38868582
581 38795531
582 38741736
583 38722255
584 38726518
585 38477726
586 38384756
587 38309313
588 38238606
589 38082734
590 37962580
591 37942168
592 37921994
593 37801635
594 37689905
595 37163090
596 36995197
597 36837402
598 36440754
599 36423914
600 36308316
601 36154983
602 35957650
603 35900191
604 35724128
605 35477151
606 35222829
607 35094492
608 35034104
609 34991928
610 34991219
611 34859950
612 34834274
613 34794344
614 34754245
615 34689564
616 34730985
617 34765065
618 34737152
619 34808358
620 34777439
621 34875648
622 34966099
623 34901754
624 34876928
625 34856533
626 34936784
627 34982721
628 34971255
629 34957633
630 34948419
631 34990607
632 35003067
633 34973894
634 35009398
635 35072806
636 35002650
637 35026252
638 34946059
639 34908156
640 34811686
641 34718764
642 34519697
643 34403411
644 34135189
645 33876753
646 33674705
647 33605104
648 33541028
649 33305433
650 33240677
651 33132338
652 33008380
653 32840409
654 32673825
655 32572908
656 32438654
657 32375611
658 32402868
659 32306848
660 32256070
661 32095360
662 32026224
663 31891086
664 31890948
665 31714559
666 31515451
667 31287143
668 31198716
669 31015006
670 30912786
671 30801000
672 30717492
673 30636180
674 30565384
675 30524219
676 30480455
677 30368690
678 30372977
679 30177139
680 30148645
681 30037247
682 29825215
683 29706423
684 29588641
685 29379916
686 29227147
687 29099921
688 28970089
689 28913627
690 28696875
691 28452670
692 28305339
693 28050064
694 27846715
695 27630096
696 27486824
697 27371353
698 27293198
699 27255494
700 27188920
701 27068928
702 27002504
703 26834611
704 26756234
705 26670733
706 26674725
707 26485184
708 26248508
709 26096245
710 25830194
711 25728487
712 25628782
713 25638022
714 25596930
715 25461743
716 25308722
717 25174696
718 25049651
719 25039501
720 25079238
721 25133845
722 25039256
723 25035729
724 24977814
725 25009312
726 24951998
727 24898989
728 24793307
729 24853415
730 24800971
731 24677794
732 24667840
733 24642099
734 24620568
735 24575951
736 24517366
737 24471227
738 24425670
739 24417086
740 24395433
741 24329123
742 24184736
743 24146340
744 24109488
745 24171952
746 24108384
747 24138569
748 24084014
749 24070646
750 24097556
751 24060860
752 24086354
753 24126375
754 24153096
755 24193679
756 24206719
757 24272092
758 24295496
759 24445014
760 24526567
761 24621742
762 24862138
763 24890432
764 24910244
765 25021812
766 25058142
767 25081556
768 25098556
769 25238860
770 25307520
771 25376714
772 25518758
773 25532016
774 25585210
775 25616880
776 25739874
777 25779396
778 25895536
779 25959704
780 26006763
781 26047595
782 26124288
783 26270000
784 26395544
785 26538240
786 26522905
787 26608440
788 26664118
789 26696464
790 26695823
791 26789598
792 26814125
793 26815477
794 26857616
795 27013969
796 27139070
797 27170092
798 27185886
799 27354905
800 27458743
801 27654443
802 27803671
803 27950831
804 28058691
805 28128631
806 28345381
807 28525256
808 28823831
809 29067303
810 29154729
811 29269827
812 29341477
813 29365111
814 29400594
815 29349075
816 29370254
817 29089241
818 29079564
819 29094595
820 29160009
821 29222395
822 29292432
823 29523837
824 29540957
825 29645798
826 29790972
827 29828146
828 29874789
829 29914554
830 30031867
831 30019364
832 30026124
833 30105496
834 30126151
835 30164579
836 30177859
837 30178422
838 30147061
839 30176653
840 30168977
841 30140052
842 30089078
843 30167887
844 30516608
845 30274150
846 30439693
847 30264910
848 30345611
849 30283522
850 30299401
851 30060555
852 30134719
853 30167607
854 30216517
855 30246118
856 30287509
857 30268764
858 30290503
859 30273607
860 30175851
861 30242326
862 30262743
863 30290761
864 30439799
865 30478490
866 30505965
867 30458964
868 30453097
869 30428872
870 30356151
871 30396797
872 30474982
873 30533332
874 30505525
875 30517189
876 30450536
877 30461880
878 30460336
879 30470547
880 30527047
881 30504572
882 30527253
883 30639439
884 30687278
885 30708466
886 30765196
887 30774865
888 30882426
889 31070244
890 31140293
891 31165319
892 31184655
893 31244477
894 31255391
895 31287557
896 31333821
897 31378268
898 31357191
899 31427939
900 31483183
901 31522583
902 31550300
903 31609046
904 31688631
905 31734938
906 31760146
907 31756575
908 31763694
909 31833351
910 31813374
911 31839770
912 31850686
913 31887484
914 31916979
915 31891950
916 31925825
917 31911920
918 31938795
919 31976649
920 32021916
921 32025814
922 32068402
923 32126030
924 32133515
925 32136283
926 32097336
927 32088839
928 32076011
929 32091000
930 32081795
931 32119227
932 32182953
933 32156993
934 32099084
935 32089635
936 32081442
937 32220614
938 32284360
939 32176429
940 32254097
941 32327578
942 32382888
943 32422448
944 32455838
945 32760066
946 32866419
947 32870244
948 32895393
949 32817694
950 32985096
951 33201108
952 33257276
953 33351553
954 33506388
955 33574674
956 33603550
957 33848013
958 33831336
959 33882274
960 33896435
961 34005144
962 34136741
963 34213217
964 34304423
965 34373673
966 34510367
967 34755227
968 34838576
969 34960023
970 35037056
971 35113941
972 35222329
973 35286228
974 35295513
975 35350353
976 35385062
977 35411686
978 35485227
979 35468946
980 35486830
981 35538247
982 35563291
983 35575866
984 35582441
985 35545426
986 35477550
987 35554758
988 35440906
989 35307631
990 35222399
991 35156155
992 35148734
993 35018450
994 34798041
995 34637773
996 34544852
997 34444951
998 34420839
999 34318364
1000 34224367
