37173881
625897946
2342772
180262359
134319149
553268434
178627974
8459978
103176
100840151
52196152
171760382
332166903
66193688
194461168
16909432
26018
376570662
226202704
20595965
26829131
29713235
499226242
8784353
9798936
8533092
213609753
1193656712
169741928
1440407
326126143
12765550
1056163
272055421
132055664
156135465
187780465
196658443
73947012
89403874
138326407
18057643
94957003
15488675
974465603
339905686
61219838
7441640
8004434
511201998
3503617
58875466
1739974
242110467
162500843
603691391
3845680
979488
6349243
19941445
62245937
60040795
320
206237662
217215720
120440
288770382
57533378
12038
593437909
268179165
139147653
54113897
556910
517602068
5568594
25207207
31790809
6233293
647539198
174438105
358037
92358049
121746416
675945
123838724
16266000
7956697
31985429
157906007
70773514
13346850
763469476
5357545
138154530
7239870
605819082
656353613
1411782
18364366
9955480
389498486
368286555
154737478
783756587
121937482
16587615
191452522
43370415
146854446
136785491
129074168
32546790
272081655
22923545
10309193
36940347
177400207
86435668
11538062
268549242
55337318
356473531
247312694
1187369
241725026
48940636
280540322
805788145
243598462
93010217
52458499
1416862
31284853
132944537
165111314
57705158
43105393
58454348
241835504
11553108
48644506
47347853
11086250
85132879
367971374
1072028103
35607796
51399824
14593498
2426663
245304141
832423687
2229570
116693525
872180847
337971826
769129198
807780695
53231738
276822331
53938371
1556
85223540
55454551
14204313
9726593
710672431
964976
327911624
48754720
482619523
28900696
21225842
359142547
121375305
7210
131750587
930998317
471316988
21291
167148604
536604946
54850641
1085668964
78672151
164546173
34024146
86002852
29833943
334625630
110702063
280853096
352857671
131488261
1674982
61708860
539591062
1633203
39585777
235030015
122742496
21057555
263081949
1139805
71401207
850191828
52889674
230094841
10509613
68848474
483597156
316633643
303730735
154633898
116261311
49339280
51413640
104543717
10711604
214120904
292321615
143560470
712554721
107738546
7858069
243360544
534201740
560064871
94983203
16137173
87001394
107547092
100047961
603539416
125670026
184417809
693979067
137053779
70331494
1607730
11938415
5628825
524554494
14728079
484546386
117547988
357149725
19189368
347412869
58136863
1865862
240547046
258494809
6837675
82231694
57093028
184968819
112514076
136735348
126001742
2268622
561447047
57749339
197005160
11347367
16070199
126548643
409526782
114006833
887999641
566877448
52808052
41939102
203698539
694472918
1208294391
250058958
408286071
8232134
269241042
195379609
12706304
9020633
12998871
124241548
90098405
38026703
244279919
38321432
416811529
899205582
186361859
27109811
63288503
98704539
997036074
69557837
874862368
2454260
1081484
15163806
161569336
522419859
119189417
15858005
29249767
624299808
218681332
215329497
16434052
314210644
263696809
453950643
25567133
81087587
15049822
644817
323794674
556375765
46641248
55967834
140571781
71582589
731060105
848676827
239380794
61727680
827700819
120523396
197826056
242362783
2078172
228598279
685224376
66619377
150111317
177929134
319698766
26145275
846203264
30098295
61289327
541419799
54738376
48377218
72370366
655461811
130757
65694062
160776074
282873745
415297768
35299017
206814811
3894445
679452985
85461181
54795021
2812859
37579010
2347279
3808220
348683218
19204556
53044187
108484128
206549997
33650851
971005
2172698
10715449
294163293
614189213
192797782
109100526
476706255
135877082
387265
222786791
6200016
15168773
201591094
10485505
896300810
12081130
360683
80753816
131479877
131368025
217896669
323083191
59695339
128368708
2092706
303286
383436871
545601
623740262
308451572
122438323
6705898
16727752
3825578
7860537
345167601
98768001
306174329
79223881
4149964
567411421
211345998
73652768
119806785
104788500
20003375
55225176
313443217
27166434
14530400
69057428
276621875
62581110
24579659
748926125
367925510
37593
112630317
47643802
896938635
23857778
185683008
748173581
254286316
285159364
435676235
108325954
9612232
528634792
830586947
565031790
223511741
347807586
4642890
155290047
78098239
785371973
389313550
211966725
260245909
302335853
46858374
65065890
313
176009810
173072526
29170809
87010189
258429414
861008
564248846
1675075
969405364
74345458
125261705
279956691
91668918
619760084
14003552
9187276
47472334
257859933
1306134
24164027
16697568
65052088
102285495
197990631
93388501
136364688
295813995
616208
386942044
435384730
113117491
493671
106689843
120800829
70741410
183666285
1858697
520718380
8987310
232956864
50686183
19889540
566548874
244593532
164044820
652325838
157252359
817667121
80210920
617465608
66168554
5901909
12325256
75665495
91347213
4365476
1441140
851372359
70753782
9059
275794259
82514304
212296641
256391016
99900649
355403711
335355164
37672561
62511563
1006734995
52975201
472641
44163253
383808842
66994310
1499946
563647005
51011456
206578676
35183445
5441645
59471059
292624394
103945727
585627421
15107642
897358
492488346
71169906
114807314
294838498
261006595
22694084
791544822
624035019
1269775
27812202
27300421
556823991
830600919
14847130
214074915
272616218
668599
673103295
4000475
617287553
16515243
86
298211841
311042754
102450312
549439827
683874640
370788904
2515638
1564592
60110
108693165
11371473
284608333
658270823
353050775
35270338
22588239
86243716
170853036
41277623
31905211
48755738
4866451
12798447
105781643
61461388
11249917
134114
263605074
49946520
355521050
640368275
90650017
16960580
107154576
46839063
199255887
96090743
485921215
158656413
3942051
10781259
978301
134460472
166645336
155718844
388729935
200573156
278503991
21234576
293942693
63500286
332679579
382928216
748671091
187804621
325797371
5870342
608562072
278353
11173401
21359970
4153497
108622986
37842758
209450929
2252570
198670677
54282239
155624855
2072166
171421915
250344092
6473158
10940483
45359857
380857724
227681322
148378622
1271
3907700
360617159
66239077
398970582
102175302
251465240
510477765
18950318
49664673
871984
8318233
23512029
102220315
179741792
16426201
132978663
796565
1125900099
4
95529
4683815
304249314
133919790
1184367222
3014521
365322491
288811810
12544419
263385375
216116532
114083699
35768670
521277470
583442569
240216162
53201274
1003530908
106471030
192539526
33269959
249168
281814689
20530748
83312174
438025413
38259066
605850091
562350628
713538605
281804671
171236670
108975576
87647945
393904374
28445887
1061355736
29792578
485452092
111557
365502526
334942762
1795975
401541947
710750042
12574067
351448764
108649043
159600404
416256237
308229851
317536310
1873263
688332379
47828662
211108988
34077073
3157977
34266972
382179
21842898
33554867
82116136
116041518
48354927
1196526002
383164
339445249
933794152
69726427
47103816
49913041
274513016
54483624
108638083
779426516
43601876
1116757190
22755
52577985
1223
1061027854
69453634
13424788
172261498
413502777
55763800
356999580
19385743
514661835
1009113
14724860
1122288
278844706
19640432
35429531
1448
41101668
55988821
100625117
65380697
424867907
45759697
104485140
179433024
7563739
186750565
95130607
116529414
163049480
4253193
2349757
176655300
866823123
60668776
525125526
485271
257065470
513915912
311501444
38701709
7872090
39123031
24750824
7926480
247810720
18973637
46708434
105311571
24180350
6566229
204672057
1368185
19587502
77977041
28400973
3799101
66874908
212708111
1862768
1133662035
224411608
38214021
21944162
138218707
526259785
7780468
44426866
42208
147490390
642987109
78783358
72888678
577363
106960803
61226808
591106033
95093081
286623660
215815139
71317078
7729675
76932153
50200653
75997066
362662
19227879
13928057
257588198
39648415
22552375
27
57824748
326408285
309415406
325292347
12213018
1271318
22255191
107104603
12055301
37681688
1227680
13941
370082342
156704087
3655733
165622600
65093788
50940
840
7432156
2599848
252958774
41413950
21903
16901739
43921062
307626975
89103184
79908371
245803548
127733434
91812742
1524314
406540583
102622967
30482
99834038
143839659
721616448
8070190
16385415
205262497
332724922
105759680
100300445
878937788
97016172
110168047
215906206
178357874
135637577
73851479
9022
88941277
31219633
155047449
114929374
177652265
427496931
2003123
89108515
155686544
25622020
198335
86163
155514394
14507914
1043376698
10552818
332680662
240883647
68608850
190327529
234511021
20496017
305136736
388031703
561347
12328944
53397877
229652558
525682772
75556540
2543296
161842615
105982519
118530355
147081001
370247311
33828785
80557491
1679623
195725562
138361
4089104
144887875
58548897
62869149
8453703
56357584
655661030
121683868
661848822
389009511
52883
568438112
136376969
444588
264344462
581413348
607150542
91469630
49637417
35036
63813535
35117836
36859172
1412164
33637
60606831
57923795
72294113
21756938
316741755
14774908
835875
296959601
684256545
123865075
2810302
356029791
7051744
4538501
20611210
173838358
713413572
794269911
201635330
4552765
20972318
91287550
8513536
22771790
57853
286271407
168072858
4363980
176849629
14440696
173666312
7352
88160558
56893381
370078271
237757609
306869217
228571543
234078934
500469327
150814937
153814785
373374
15672880
53102395
244057865
46260370
50459360
50973483
1185398
4167303
138163548
772331866
45145257
151596541
31738509
528065643
30791786
10560508
94930221
393522431
2012846
39304705
619408
92807112
54005060
75501954
2947004
255429035
37967420
601584794
450129758
60856
83211735
2751064
7576602
42898327
6639384
41126132
211940036
750024405
310939281
110756212
221088718
84846490
12625008
15700104
244203283
4421559
1720315
135076571
82274743
30967040
32121702
16693446
62868319
149377376
949999581
1051273042
90773539
60724404
3113862
1347869449
254741845
1007004199
90028466
179727894
160704156
57471972
27327
194932615
352168
52709
1270167269
76718974
439007348
251617423
64449733
111160713
282410766
37111378
747722389
576835661
694396198
128776576
611098267
222527529
30069432
242053014
39239492
390259066
70570496
9638649
360227490
163814673
516626816
132966108
566291306
127713928
889093223
16535562
323196455
239404336
565199476
8158842
50660945
180155529
39776045
13395141
595663462
282157973
174759550
174360586
180686575
53677525
526800968
332572412
721783210
206285574
49442
117298760
78783398
25646085
136060645
277232773
157966189
115309294
2813026
120695619
866488
286568448
612713
42397125
16764972
43074102
2844085
23782
337701631
346274942
22044939
164280800
25566777
37231581
3361
1327611
9538831
160820501
191785041
26385809
188345110
45
122724256
1790033
1942314
25732334
252390470
3924453
29443422
3813358
149897778
111559265
157656713
50749268
191112479
105746495
2452717
1055819216
779702206
49375828
186434707
120090800
935671
308876834
284470875
196150400
62514602
1029155320
270713835
191124629
620451087
232028503
6864118
24755515
825302355
110116993
185558280
135764572
623
377314285
13488021
310320467
15854014
52941440
656478
20828113
247162694
62261362
532199934
871805601
818745761
148356699
9127367
11570413
203570537
326492245
59258784
343659
205591067
79900284
82522178
8945149
222876344
91918792
334833819
34683137
1056769924
55816600
3208411
597422
979489343
14717
148537585
493478131
914015473
382770245
14439187
32699961
4767849
251427710
234941721
1003906952
277204321
127478497
15228492
37214699
1777744
69609609
27070915
82198129
406030464
90823140
51731687
2666077
185548876
36125722
108724057
256001607
617202873
54334112
29508035
14814115
193478076
44827406
124979347
1759089
36427247
16633624
31530993
68722997
181604484
707378711
443727473
372775393
1673857
30026903
122792161
323930866
910906
246610506
744823575
1635672
555590
674279194
2294242
48244243
1088551239
196459192
88441139
16686006
47637023
1236068635
65768631
1260132
193331951
1215074
871038249
17579784
7255657
35825371
9583882
337056116
8059704
445545665
117638227
267973594
1325023
437757555
537075236
303088370
772825455
51417858
392366128
727481624
126653924
137309171
119955372
47393
907336885
208943374
144082881
1358
76911204
182284509
89175492
64261523
281558800
2003391
383901
34805180
257983074
311933837
106376710
34936209
624243501
104150655
509131049
306695
132450758
436758104
189415381
19731219
876917
1038674068
376664450
25015760
627483021
1866945
13853583
66172254
58437937
7490280
57475830
12381270
355048969
59668250
358110573
16471565
142149949
161738270
34534485
710509939
27070756
4369091
204287945
33657
172135670
82281772
88345358
34102908
254
106666010
787865229
6520347
341239600
6258716
2426071
749573746
144279396
216432497
43524363
116015345
341654164
705705390
43522323
202429117
146413
935558181
590827603
26187351
673600907
118804735
229832240
165184127
22008360
2274865
800179767
297
228965625
104000157
76709115
1900020
25885769
339306356
222125241
32389228
546257774
2029353
26659472
23837932
539443207
344858943
476213448
1983247
92019394
760423548
38255011
167718
37056154
538437044
45772739
133546310
284817281
18714786
729529867
402027989
328410427
336203216
326484806
14630348
535303
343667894
258440878
67030571
2298220
281010605
552319037
31142200
83993595
326371293
560769105
10892575
18848165
772432942
974293618
193031968
112812408
481581126
581663459
84818907
575934796
23674
965918931
1743050
134634458
223746360
443124225
906721313
42024067
24485468
29066010
108826905
1256257
5783695
20396560
369764491
20654010
299640005
259155436
516063430
10778588
1086803245
307377744
71126715
166865846
5100954
22960980
715039283
61639974
216424790
154738353
30364138
229053637
183141587
653348346
1267295391
471665998
272959985
143928836
739321137
859777102
446206061
128599735
8388699
1097812255
30483484
214460570
37507026
154896166
38676284
472500438
9844474
3680212
17030195
280368013
171303726
29502892
49879715
100419889
5499270
787619
36484653
108632328
536363898
14260205
42072889
23468
146392372
280315
608326265
342506205
700556162
67643158
70042214
470356538
306244335
3038427
67447638
25227418
14691563
422422765
2843234
103593683
89184226
33265249
21542903
96474121
173251435
9922325
216503382
1063258586
350890212
178686257
1007807217
27660532
39871799
62923186
361713086
574588550
18153208
101878116
21572403
15185927
116089958
82084078
44130436
122062187
833564242
10870544
115434682
58536303
11851534
884401505
173115624
2996959
1789400
19004284
273837660
30282682
57701
272342889
2155029
51861100
123227331
9283602
390260470
204046076
291056
1889475
15136759
15275263
197977181
121004328
148047287
1076198256
6497523
32761778
234592108
1685
205353929
1254453
1636249
325054070
61298
277238379
104779480
48854375
32044969
7296801
270975143
194710025
18530588
97082130
608905171
139255458
123497493
29010096
9472868
26351150
265005
12081499
87702667
792771700
46004905
203243913
20911334
651325779
480661
430470024
18145063
708235
22225085
321929610
23420202
12863806
159292004
44855489
322130354
848528447
170712597
258360283
391958385
2951139
79947750
227928637
2930468
110564655
165300573
66321215
296032804
174697450
26620637
191555476
52173
827369421
64993838
224744038
509369209
170253557
107724736
48354482
563899977
3603643
20224935
243004171
72373188
10344878
78409117
225814032
5448841
1222436
105474981
974140678
31333966
135371796
17076063
742780615
5312205
383170094
70827036
12517372
45011520
157650942
3872780
281850345
771666222
2790514
17669754
43142379
9000408
3355810
33446516
105992618
194697228
46464
185607547
1792068
61219050
217508845
37832952
35903403
321790916
196709273
705976066
1060742
336419605
695615745
116060723
84787674
74121775
524470536
72325777
55532746
12026057
883113167
284925036
363807532
259785965
591420575
243033822
35083659
150125901
122742119
184147437
150149141
13927850
140602243
2804633
1034354214
946615053
12934800
182061752
7517773
66015650
132304730
29785886
91414295
1507775
68980745
109461454
812562072
630847040
25193467
8670379
3221689
117547990
3967596
66942097
776477496
399766658
26698027
24517640
285393010
8163241
155935115
499692805
461489506
753458914
36100247
1708812
467934904
39921355
78599241
167408347
762637
525232865
299821263
33396011
11514732
105287229
732811
36353845
417872920
317276706
34681375
12581768
1792787
3726208
147797742
13454030
127751228
1073931333
141243837
96096959
45006778
64617815
274624280
275893089
168648072
257118278
109729382
26383314
378265998
45844145
55681915
6142134
106975189
400155311
2106340
519567228
43330704
76801724
27335527
8551612
92232715
836160340
1217817269
81762812
17501623
8128069
83638715
634000644
142878672
324449929
610454408
84783107
1491959
70314559
66403660
40111
503970201
156461377
151712290
319872
467630912
93359198
312911943
218644481
142550680
26766486
4782878
241963073
226710812
1058724607
33945355
300656663
134082435
7755280
29770825
61819665
86868467
25776745
13468745
293923517
54048833
264568584
98585894
289591088
220081633
41989888
699695188
15012859
98110247
27446414
17059035
125685658
513381613
30386450
171559881
1941247
240013926
173831
297137071
68803081
13505644
339966821
41150571
4029469
106489182
256789414
61521189
1032719508
9335543
5257021
38051351
51326978
192419217
49751004
53467475
473637
275730938
449349124
6675946
103404630
172830503
225183820
173280819
148180176
267428009
517761798
488846318
452869188
88083797
91402429
73677585
110715891
48841089
280954933
340049407
629139276
134559426
7464367
104903049
517326134
63289464
249663570
682770065
583670425
21415539
222633153
39036344
43704600
81409916
13909160
24747659
84252793
57297810
1188475494
874576371
4682275
3511100
540523919
623372568
34978977
31785989
30910701
120157675
87396833
335784593
401515491
59684604
431143575
968641320
91606869
90108731
275362584
230862
24949538
170119950
647156757
463188228
362662738
495384445
538847
7095054
43766565
6387141
151669843
776003
4078891
153943548
64861835
384816403
1117519092
47774514
439018959
3656567
689122792
115315850
115090116
941
883678
18701713
134761988
90987147
389716439
658909
267982468
499774
435789936
219344
2422901
978831778
323264571
148006749
119922602
463643430
168491216
3681
275859921
443549372
69970477
1396163
5251934
27383335
6235747
69294788
21179212
138318094
466006962
324627708
405788796
118556456
83436041
1623387
1567491
3633692
48421108
8349497
22820971
284421833
47123860
8674854
48975574
20598263
276669826
311539646
169836326
3673318
11419786
575491537
78236770
2853744
135070260
8764180
841700
496314171
110245903
70750869
1000418120
289262407
251048981
64273004
105070545
5019701
3291808
137632
206061000
626919431
1041556103
147870208
469649490
32913525
8261027
13890465
69470710
110593683
396232567
216401553
79928381
46782701
9538803
2979
639902185
267417588
355713080
719872
67422605
133936571
232169
742116704
719590
52604944
178013370
685962579
11873
17280931
36246351
706367854
261348818
286703084
15862210
15300530
257560793
70044749
6432223
517106389
615379444
48827070
4913332
881045403
224393866
73013002
14453739
3214300
50562414
149062860
6920600
92779340
58187636
104317
102407496
550899407
44699323
74542664
204680326
1066805621
194394796
139182299
52873368
463095318
87539142
60998941
100387257
129229687
31374836
48173000
43321496
40053934
205146168
203650417
320946250
5061955
396196175
142731897
184813097
2871418
2055926
7648285
15735159
404077289
3462189
45329563
135283250
211656508
3264669
3141575
489401568
182116189
3739304
112197108
62083003
68445482
74111532
35407306
839825048
453345042
404897501
48666435
278643609
581096342
81260182
748604252
53997181
119623508
254369988
103307453
25284412
876025
47505216
342572302
50237243
259042105
33616415
113136880
248579163
658781864
148473488
211115580
28937126
671294100
209044280
39165481
30854920
217961926
34410692
126258353
177223832
268469044
92836171
235876207
23967903
38284786
459542959
761693450
126461785
3934345
124839110
22626745
1190095702
5478847
91153874
26291114
81699506
427030293
136009179
10717933
3716532
389535694
39384530
5536194
116097603
1818068
1911845
46634
222691918
29110642
329114005
303875635
17269414
37016371
125029988
121359912
29452221
29235624
24148289
6925375
837270968
179091947
1874222
35669359
177945046
4554195
53056816
59389963
72951084
15440947
289427159
300291064
76517672
96139999
10610413
29592878
953577433
67966787
2686425
550334196
122245790
575118664
970441600
9989913
312311635
4028745
311369936
55431211
33133279
3430314
54271827
48854349
87235326
5265052
90005290
20255897
74577442
41164569
169930380
91644480
1131243
1081
76825959
462664183
909532140
7472219
159909956
183021435
126183600
88762
416822808
288810191
376240294
38415549
657238077
876078536
505904519
95412567
342204303
16208108
440674
6446995
405787869
9890246
47263198
204748867
584276
478030045
371868504
335061353
25789589
964523448
761976
149026362
52569133
98685227
16655720
616808079
39059029
605554070
507648015
3334005
245947349
248987
240702485
1062094628
495761968
794899889
17186738
583638339
162790453
437771842
3187501
46116964
2713894
179782952
45639999
1199195919
10831441
1161064625
506194601
465772444
461758706
2063221
422298290
63468208
619179637
113748323
382200905
261804013
188869547
6336117
53778350
207354138
104223496
194833983
82540043
139232
143027747
418051645
37988578
138911977
234848873
123211891
205067073
344116958
4065060
660705291
45722835
5648789
5985982
650189
201295711
721929401
1307651898
18871043
126960375
31285906
351620294
5464430
17789643
4903646
114708759
940039885
732565
139700701
294878780
305938692
199237071
2819899
285162687
21085665
166641129
28392254
819865969
61094584
241173280
207847032
31440496
1222850
64024675
449321281
57976265
7721948
296635148
22328859
1155858061
42379868
748387743
34748910
286179130
7682043
7713489
24014887
23679054
215177845
164092362
43330717
418313597
305856267
23526730
52575047
2671579
283991216
36694939
65409329
52071551
708492681
17240028
67411727
154380466
147079529
4910030
31776151
705523002
571115601
844608
975374
34550110
34815370
65345160
30371489
166157845
140507482
42254039
30129076
590897058
103299148
881497877
5768776
169575816
423040408
422618266
112744961
5124895
359228713
11777992
66246884
6497744
600577328
214063428
49310287
35501329
75040273
491324595
33643324
408355130
35047063
4
148905522
432590782
620098723
287238707
25749207
431315772
111610766
208024732
16082450
48312045
55414492
386656890
4522153
831194
94498896
298373737
840590972
39016857
37855673
1244898
506000
6070972
713809309
370615763
62709423
20053447
175171937
19030781
1043007984
404063074
4301881
48173604
3530477
546734818
1418259
24654425
1160000068
142071308
3149561
183557743
802984933
468039178
251441907
1621307
532168489
455521548
83829178
34305810
39194830
11976997
1095620943
855978810
206493166
444714006
131824554
101970750
238908
16285625
39524750
36165508
295341560
66725571
116494190
6833285
13482560
67236049
19598726
779349105
278636724
131417110
239986272
609974874
151386252
30351892
158575518
68985403
5688508
1128848986
58578520
29210884
20304760
116570658
122012109
6331738
280788217
9935786
5283014
196535748
465179739
139767391
26456015
77072246
201440755
242810958
1632953
15376013
17378975
226946162
366328056
2353409
440312591
12966107
14167304
95000899
727019156
487692649
84028059
145222503
10394256
292306110
159355796
43190250
507470
132894772
5547341
286528197
86746621
3196864
173277606
138694509
18341658
16453256
53262247
63010587
136530571
153789545
492921392
1033502
63748809
5312712
3358047
33575000
997515568
310030504
97089789
1034468
276749098
17881201
181374060
1477459
7210750
60816059
17922471
3160734
2476477
84907001
493544130
219773400
90010
1312318
466842
370515449
20057121
11554468
3152697
56632964
471948945
227204069
147760742
321351963
357714089
236739871
3693069
127689527
380782
447257218
456861150
132426778
126625380
357613506
321432161
367866879
1040735
50759786
87283317
68158841
268546334
11027929
12059612
503855022
24703837
66023074
1915844
260917935
389106111
467868832
460031663
256508
26234824
60570957
61738922
1014553734
179480515
198024818
158320262
54463752
6657031
49245310
283941
134206582
486376086
479374115
1933626
293095443
381930999
20172050
384430305
240683605
188983375
577427680
7607339
181444341
190580083
177924
24070038
63646142
679437560
14366910
44532287
4427768
204761435
64251313
121758243
12985334
99284
3814746
90388377
640080367
23801
23120207
8444576
1045737
31466173
405009949
2746978
46801798
58575773
313447165
14954817
196353
210017090
1014014713
206400783
274656238
769965581
152615661
83691035
248488172
161445353
36566
78813143
4925
2695221
105240914
13527166
21411735
497412171
132099851
328561490
344751489
381191302
250981
886342622
35035429
801032893
168422210
175236079
1936193
796924954
305694323
333556581
65321918
328605557
37697996
26889533
52956552
283893950
249818
845790379
261989560
240041648
1033862062
15879029
114167068
846441
29808547
427080638
330492189
103114937
8962626
65532459
1027907558
37625802
274781402
288660364
40187797
140575031
1174020244
223280786
958501057
445929
49120133
270002682
642354385
650502955
41424373
119701771
88390494
191994477
61373405
16605987
3319722
674108894
270101924
2931594
50640943
47898906
216214811
12924858
476771163
173549639
9250786
87983386
15062022
119080985
15604996
291067543
168803352
17380374
259663298
36474708
31145779
533865063
22693099
11716941
176947264
74155067
1486407
591833
256533495
387268923
263259583
297472129
179564134
73193264
53094252
44985348
4699201
1079018445
32837518
125348152
587731220
172047971
49759129
33485912
501582401
48901160
103225968
57732096
5481727
6144842
175963759
141828401
48661726
439844642
420782490
86434184
296657650
691530
597255000
246259312
150340275
203938829
136173011
1183617910
47272119
270821506
3400714
306157350
13050017
138681077
5494171
116158855
69474896
788798791
283194295
230753273
137253302
107664963
858069176
5409796
256996479
12600547
179285136
426687430
319403525
50942563
711371202
57730631
758068027
6362304
127808589
362597412
57803608
95720679
5356865
175758
102513
5365900
574953519
489051
54812198
5254661
100083616
53746667
19771
50014375
253547
613848994
3003743
12314983
985054
72410245
3011688
386453989
48952774
17629296
366878520
36682307
109210100
940341495
33606097
2283898
12632630
175489841
9278520
251864598
2732448
19988551
11315209
204785394
192370736
26743180
148549
243578762
787569571
252656473
141327
790263107
11892255
77771122
17322294
207612741
1146988886
50945250
629566245
5878857
143909738
332348288
213105129
457361508
298766161
724578808
261696705
154341276
109140104
75075245
324010721
237726954
212969932
93407991
114030257
252053872
67639898
194910
31047725
1139688173
349562984
43207817
32811041
86756458
293931199
6521716
93091055
340620145
7226880
852930349
3857845
5606204
138017479
5917
270590899
10358776
28556360
73541937
21654657
61581850
253669057
315542140
670591
448246249
92338775
569952094
339339183
6986
58299918
40596759
6769515
30536058
156261583
182170980
23310995
840786036
48014483
1392159
822096079
188251502
448792892
463866213
6636880
7479214
261951244
4714331
323098810
3652142
21263000
309028117
22985095
11245254
208732804
159445157
214950075
512850444
900193766
105970436
13107973
630295374
108653793
16937588
63360363
61624018
503340052
142567410
382430861
590559
276870106
134697123
76365762
23906760
85251057
156968267
592154189
4587593
18941870
203535805
607543820
436491945
138727571
144635624
656346873
836394
74960979
26386709
8506168
200977393
277205290
479808451
41967635
32345471
497700888
18543031
1132618822
54617005
223417506
137706999
376952
203398429
354621272
14751669
125553235
409900071
462014589
3270768
592381642
102623290
65780663
27357491
387472671
162760534
118721899
55412220
4019825
179525462
243490284
37870703
52694005
33637159
624468502
20064417
7474603
38378924
182992990
199469796
13787318
13717861
326972528
162683276
46497565
918850085
396040342
179950419
28468180
221553831
27514211
93565890
45284287
61259416
2907890
143053350
202596027
1270542697
154130681
587644501
519582783
668455406
138121193
5558700
148342036
196139149
4942384
343819068
1420449
9673146
211890722
470339006
372029711
1052710302
808767859
162381835
9480565
80070305
894135435
294034015
18032846
183383912
1088798
667698145
34183011
813566878
40892824
691226548
717852692
250859930
45607399
8031857
128484
2188192
452146773
1855402
85070580
263223175
265727645
358723490
25898194
56496555
1029254531
5181
977356233
250330418
216245515
137126812
391376295
84645081
37550979
188524374
334759841
599500063
82420732
596672360
613961026
382873920
130814
435267245
46475987
314239240
3116984
85788448
40458818
80976794
32971468
8304088
139789505
188670598
8991150
51860949
1572529
1931400
351119
835818160
12682166
1239589
723604071
101509803
7793045
155944484
47047069
144042108
397848767
9575766
715705643
6102926
17349007
55336913
338409062
912866630
52893498
43500310
218056005
242261244
104552
220714204
29466450
501551
260034715
328210457
272629808
1649276
102948946
110503032
125363256
727728045
75391364
23779084
14899263
3763697
204627773
1145
72178749
149861566
17976247
72473241
64083764
61110144
39151963
104826026
74436062
377978453
831941
82053615
283492559
82142753
150152472
35098422
55045607
203906948
245149571
137026684
67204015
690578306
76647190
81237
932016994
328559796
429743880
17075519
9053271
35342741
137247803
4246742
597368
9945731
284973714
75808603
247569329
123947926
941157
107840409
1028855807
1141918
328814841
142191
138526549
7476873
310859546
5184
737192373
2259358
15399241
1054819838
743373998
184894621
497357899
907281769
591485887
651080423
1239539
219860086
120926391
202912751
51622973
452315699
303332765
5175922
617740820
136475722
242211305
24514487
35624969
71571397
11898914
1209230325
107706794
426830530
737458869
7291145
18814876
463603623
66558044
437591
187643272
66644259
4492899
484944739
4699
23507805
116732037
71429685
11603352
380957
52066509
6018532
746915
457485398
71114252
7544231
104472333
10481
21076014
109659243
290900083
417857133
1244690
23846792
111709567
34634054
53212644
252444
142104885
378157887
80064152
855322680
82068928
275574
44236983
420036783
155785818
23366695
159064106
13042405
4510368
87826886
1021431173
165855607
823449988
298781395
267
20338251
28677181
26348450
97721371
26338952
338276642
206511597
90444310
304864576
122145457
4006177
16892957
626134497
13920046
736586784
298504973
239611534
2350590
1894722
13219861
5942733
196785
385901401
59762933
206648858
16826978
89050588
74673363
34380448
694920635
1573020
40613412
343851199
21741762
19625408
92825716
64585341
37255020
125484271
2637096
13601198
16227628
4265823
304183212
201312781
60503820
211887157
4590832
181277401
457991791
76343104
407334548
637425414
43516764
373340606
68138241
887030042
26715249
45654290
265392270
321174846
257223
219150234
9803469
20182318
51259716
311188434
2720684
89435369
37168802
351104745
140950776
26610925
3928564
397031303
5899324
3906786
5873383
897010
88532753
894751149
9174
64802595
29997949
128471513
307417355
429077
87944799
78651
96972187
6135904
151163627
1730479
199678941
45325
2884628
43336788
25680242
266743
14426843
14847343
71391602
101491570
315996402
284685369
20504648
12833154
398351590
634249164
186475
253697257
3134076
37006644
45249645
162200227
72821739
72276999
16151070
475590005
135166
236628331
284194092
106255121
175415339
77836752
43166401
88971571
23355916
396305
357090543
56589111
18474509
5397054
120048238
59956915
137013952
355330367
655278331
6347411
57469469
402040594
5642789
998830264
981767227
13201795
167222602
333548
1521502
264220993
439129136
94736765
312130678
47792899
199147277
186360535
5016943
99134349
276686368
131049
206672781
65339184
34181161
406206228
760557702
387228182
139732605
725407809
260787006
26170494
63183409
93169968
492417073
287737788
3193
186623593
291742036
383234161
842180480
488930682
12692993
54338119
191390227
72382048
1611224
7442579
2147844
260635289
38605247
483093618
327933866
23592577
901242609
204666948
312604206
192849369
712191815
590765
38162292
417981514
110686660
14276515
207235928
4779874
121401105
4347
66419784
93288634
956903220
2351981
69725399
7951291
425093910
54880346
99235265
8473848
731635
457406216
16894922
32158998
560635
809088043
12093475
75108318
8075246
741119
271958
54850560
33530826
248230299
624913056
154725647
10282232
28364236
98681287
379264688
79524933
47396586
141916930
273785291
165494860
8727891
112617895
537339001
59880776
10233892
259454484
15828180
299775788
50818275
32468515
645726330
1068216355
110978042
800330290
401817371
185925442
84731871
8502581
320672
253781458
534576016
951890799
542716933
473545813
197625139
38233130
6628902
23898197
130389168
497408697
122113
197406544
372736583
2266
645229021
1119975
176040222
445714
13262707
264525814
339030140
887862465
453412
3768454
384251518
609982400
7562850
2229827
220402195
57183407
269034332
294269324
329717
15574058
75793038
91086691
142371357
45742279
476244917
88023720
3991194
52059914
23
395189062
504890110
185674862
76593781
604690688
84213203
41027973
259362
85126619
31849063
10361966
42483990
444197197
455020008
334765621
28549
65222457
98083387
1025506168
15356785
611937813
263452964
658977166
16073672
23293317
340734010
1005061486
130026871
18104422
446369
1221103
49868532
135092341
1069244196
103796923
169376772
793025262
955940
647648552
10480043
306360045
15648276
89165328
89814271
44769676
1236662
132586884
912288
28254319
49421417
25310567
14539818
75886
11459715
18850376
73290338
15582863
13728899
25046289
260663605
262960461
101409757
36756018
485218085
654584917
45984212
3925751
4128960
1045949013
861538291
143425175
2696150
6335747
72410167
1096674133
853716014
30129050
144569427
393698928
192377765
150565
84253584
21282389
68006371
96436669
34969660
625616
106981137
588137532
455919068
689438491
168372645
491951417
581123455
757886227
555770207
744405310
188094508
93520181
195216153
233234
308209800
1120139405
19727208
35223908
191001241
2077327
24616259
475323148
99791303
916789
39514607
4338953
59639338
36190421
584027888
82462239
523028
104266275
660287008
351268449
400178526
901277697
24169015
433455892
117424816
45294674
102879304
89471740
185742358
1080743637
524464021
217579028
220085286
58793798
511484180
365602622
90485362
2431240
348532447
28300021
661693120
11026187
208004185
3936276
37330
77678142
87475624
107191157
406161234
302190626
641223115
326769390
182627770
99242850
5349155
35903880
1621572
17379880
248822902
328018447
42961950
5988447
151245995
93582240
100207703
116511931
49939502
85199652
568212960
201263272
1967146
29788329
72255661
209731342
499247156
9692359
181436367
6131522
201487083
17248979
1161710
405043039
557383930
556664725
113862079
12267904
293101
195607449
329370543
49449517
4704336
12966363
7102489
267626485
14122939
25472576
122876213
130303
685604654
394814157
1854540
3638061
403623531
329756
287404567
226567766
171724303
4620303
183572142
21640570
487581804
918878
668427114
149111783
24405651
39556446
263905879
5601409
88852470
438969667
1087638835
651391956
270982604
6937701
401534712
66643979
14020978
220948317
189590797
59251248
29228310
14673904
55727409
19140524
269828
38990447
1921444
469170673
112271952
291354551
284003881
255882
6884010
49911339
456278224
72515408
112302875
196568836
13678268
45335533
90395871
77804762
978704093
86927033
177805525
101872726
24239134
240925825
10894577
341605181
25587658
114431499
529606159
105753130
71475492
385430945
7619794
698859621
299569679
178168348
26719796
9349240
14080870
1560773
197654736
452222755
75931328
3350475
34355387
143478886
369404194
523215
142627235
258335316
65312297
64840170
764061567
342463517
702513
948712612
382954
1023534356
251885880
625431480
27156979
97693674
92700703
1658455
122984
3640483
276555681
50655254
740505803
18394548
36873961
481070313
236496413
232985002
222028024
17542609
83739040
20214485
58513340
10899733
578073782
228005125
136443993
6051630
223857164
616099
4871894
150769
82456102
428969941
20570072
480423446
89670
546212
476067954
372814960
44437196
444650937
10889966
8007111
32754677
40915084
527424868
177248122
198636061
127791064
104797884
160656818
300823291
6250785
156655837
330471927
103615943
32507048
81501586
6478813
913773960
323272422
49466533
130868088
198659042
217411343
1522598
21529515
21693661
123569931
516411051
149065982
22024
76924039
568306764
407741270
966507652
182794275
48139685
2390
34320410
105462762
68112568
183172742
127930402
37370470
16666041
43454496
155916748
720017754
560612307
516936478
18032
129398825
13272104
1027218005
1566084
355683876
785294155
409645445
4250660
19781233
844883393
2119028
105246887
17364637
37942411
184335416
201161073
232002935
63594406
21033225
1244
65618837
319513873
9669801
1009250957
426946272
209471981
40300047
16156039
14017959
13188960
64053452
140658817
35388427
1200727893
557420976
1197654581
667400424
25489796
39477294
95497432
682099176
133066685
8842775
686621591
322129744
121435198
188005653
227405971
193982149
1831727
80487249
28760190
143144989
420616740
61127203
277337236
169806371
3563695
516255620
341054451
64372541
13049685
24381695
7954861
150306260
1351383
823033
76017440
17513501
379043683
111872778
58448196
45973709
4109437
81925217
4345996
514895974
14849475
76964464
223163422
3815142
112385490
176995181
65496403
32270757
160914559
889587562
155138096
6711634
709448799
953493
184867073
17655518
224665015
64438983
21189666
22824128
35758389
294035608
84102215
109828246
17844707
70796770
744340676
4253253
161768479
60393363
282593462
244276265
640112711
54401680
71453267
3411912
508230287
124136603
41506906
141623872
4748453
2264164
13412975
26628938
59117611
130858626
329449872
155661144
373597740
79493940
1905510
46972529
333657144
378329321
96862391
47401138
2541996
552792859
1112114594
294933279
89247514
33734869
116411380
368886090
543517435
29405031
1063327
174327585
8967353
71020046
11866936
186055051
374723464
103129260
16243950
212920765
435704911
9018756
4926880
300219065
85431583
263932038
12958631
114147060
308553
33050613
1838
323583874
112065778
22856868
204470771
58305484
35170185
391978085
222494567
1127852
31574087
49339
286293846
146409
11617196
42286564
21631692
176534268
802249
130817061
127431273
100967992
154581461
67503615
7128763
22302745
136145078
193099154
75926215
78569674
148858440
16367031
97533854
620677977
292845759
712122760
10022829
110199867
7909597
4528517
2663466
285448417
886996
1090554237
579231563
104812427
1230570576
37595587
7998205
334232376
3470706
363683668
581482287
772420818
67618110
2426093
108713767
3437280
668271154
228458396
235530303
457849183
121017083
89932396
4793082
2025131
317912458
1306327
21666764
3008591
203427672
219971413
274944020
904627738
267175764
285861269
310071448
255539297
81360530
18509790
188377044
9810240
237627450
529110412
761720
377387144
375940389
586721240
352185275
43814052
487790
5014801
186838
90339961
64444670
230270345
274308892
6284673
781055575
20663985
3144940
613425694
304198194
147801725
234487051
18389582
133812534
9995752
98970895
61399437
124231031
262420656
8106145
104073204
2853131
210727194
241083545
319993809
497772463
1090132
3796692
77504323
113726732
652017597
322823816
288568880
111696648
144195758
282372253
28618178
85072768
146717333
402477853
27003066
3630290
658607758
542823482
814816301
514307762
686707863
128807519
2808206
74477023
143889523
10610478
60783374
286497660
5874163
241776800
5275653
87555776
784260674
28996597
789066180
410148590
386511
73353338
5767743
415647201
82489766
560476758
414916389
920917
17207645
461168149
130121937
274049
131750886
153759956
17965811
507339500
311399510
1190167323
337151781
54770324
420043474
729869112
119484805
374870254
48870
242644
5104645
181079632
664465908
3538111
189844968
311676045
254063588
135830856
10585609
60657796
341236992
171974197
515889227
1195203900
10224946
374673021
2210448
24479843
2868155
87968323
113483696
427667972
42534573
636976241
34936059
70557718
21926998
384278449
54695
954904839
587822990
48971120
476301731
5820450
165276
704393
35033
18751731
229686308
339089960
138237475
141937242
512874974
41473974
137297779
221966460
339997057
19557970
72482199
443199022
304233191
34339667
442431
152731566
113955382
6902749
87873158
8025199
633371013
29872981
30974182
9402648
9705785
280078032
8973618
156405168
519953717
690911
214957
1296130305
51446372
36146827
62710441
96975423
653049332
225652047
444997358
225067789
239098320
1618142
1896606
2075783
271834910
533983723
86169086
857221363
46466931
230114801
33147922
7677113
11620
270366566
44359298
821760341
436768
21734630
18870783
112190216
183060791
3541965
83621589
171848639
56329163
1181389140
4585923
411812274
20308993
53545419
6532692
89380031
81603554
3083299
41417411
155776239
458639161
31065715
11768650
175252946
88467484
10104386
11332767
376777460
276390788
2625257
77180043
160089250
206144719
49774249
4588507
467331620
4213565
366071295
416223644
36706099
174411309
475320202
783650468
69017879
84388453
10226730
766410763
41153049
149800807
7792316
482976039
47530190
699629175
818398391
7185976
471866294
27125528
22728756
33437935
105245762
219527923
660685920
363703923
199258746
29326052
552978022
153345864
171664198
20581466
306961637
17634223
2209585
71963016
140369108
55609650
164235076
72111923
486134673
68172370
420179864
3436347
778386330
14830767
277612665
289368603
116525694
521453
1390202
5415420
48150021
5686448
7981689
1071650351
2957451
7037326
200008710
343130253
52718233
33191360
15165908
958294901
5118361
77356030
411288790
362696019
4181127
689487810
422003827
271655388
714901476
3097111
94704682
531485913
5360757
142346037
96351501
51663064
2085044
94271455
31160850
1759897
16520264
1327304
71593774
11673481
30898557
161094176
310061685
665190389
3166014
195185126
553646071
246291078
67739954
53701499
228169434
283861668
857909
705524187
12157430
143338667
177128549
1155835126
31812597
150265468
89364293
29381
302528709
83968243
229501519
24456277
98215322
464986377
1076048447
440671814
40299682
78777055
4134963
191811039
75179197
517269046
56779090
434023
51517211
287360827
102390305
293469353
748695838
1067069790
1689005
162898076
154457531
2538202
60223537
67123962
307002438
9609375
46828737
409754162
200220927
236727
310402789
3499408
164731632
2123669
34347533
5631074
368130166
555345675
726102373
538848564
193490519
278208
144601741
789366
379385776
13578357
291778658
506790265
173844240
108572742
15588716
136304455
233034377
101450300
349114
92756546
291984537
619475324
713043616
36932977
111541077
10164368
9108565
60892789
83456752
233419221
164209519
231727253
351426
97544144
56379919
371556000
4241602
35746719
5516748
29958
7195490
24279428
32282159
356045538
275159921
65280824
80802
468495744
12450513
571050
112041508
9293793
439262029
10600064
9284466
81614971
36704724
735589
63103311
3766316
513784788
23413089
771762661
203133829
6167657
322580774
13969395
295470645
200278090
166523181
648331619
5708221
134554848
44
446778159
160334256
416531876
785461
38406497
10338979
16656709
70882
10330679
1081048879
46647743
183956231
1820156
24468936
119504307
388047001
3244291
316227521
24323500
30498
4007885
286360212
79121413
266628926
6810034
101123973
2464286
19092745
35992036
128036604
73355358
747096294
173287748
2334816
29984039
314072
16386062
12281361
34284
226338688
34689318
75378790
475801008
28819621
137800400
25715330
12970364
38349695
72940256
1143361429
60350905
181575820
101781309
12790971
434626
56526246
357754347
78508988
188761006
139153089
56591110
11499102
134142008
10760895
189071833
189195
145604914
635480561
99338580
42117693
10039471
12374241
147868389
225746016
285366663
48406373
4957490
56676194
110809643
2095623
285834655
64503732
530065825
539323
1849720
6770915
465621581
310738763
1433596
10013165
922930741
584259082
230040716
102245632
32641783
496396178
41183284
716143591
1507
43007394
9306820
9010062
199492879
333835995
353486809
6150
270476029
6998216
715935622
2360161
185374474
107257
1225940
229547124
323424100
383183
2986274
1057042
93510053
6620825
3183689
373519
65083962
183270803
287286268
436245147
45047229
16162433
23663400
65063273
517624578
1179096789
10469448
4086005
320470174
9747516
35469550
28062820
57298915
10421220
122080309
37825270
513745251
5584897
84232994
153108668
195614467
209079571
415638450
1094301
121273379
46381298
770084740
52612992
107062236
653355694
5669125
577864815
718944
64430390
99942866
55282794
314374
419852819
12485165
957793692
631246340
222852603
373269725
284532649
3189830
624666178
15217553
169693160
172678340
713768719
82298999
9258389
22918715
70874609
401819913
158152403
738919358
887523
3553462
276577093
53438808
34912450
148316006
1716988
1007360
4271740
887485209
574157784
12723733
439594338
76571290
124016394
104728131
32639691
1131295878
119616305
1199182
61663248
66703537
213353392
97024478
6590598
335595744
133963862
11825297
182191784
2320985
62536395
187913179
128349092
217275093
430985724
238912969
18695
13981942
29852153
2635744
57984142
9279838
56130690
931658114
86288162
339563263
33260845
290105821
14108884
807703504
66112990
968402388
35248634
38495662
829543711
251981533
34616110
26275331
12107727
364086809
336888006
2219088
1721490
287362869
349398296
281310992
155924454
7165228
51983956
37791840
447573141
287985437
33756762
180099
612395
31657754
386189205
75667064
265608193
215339175
43500372
33746293
408956183
65182055
622445766
35671443
364609210
45804670
106902828
1290684
359157801
192203158
556894303
423325871
172314736
9294303
5033584
215533644
105062252
761327364
149091206
700784040
617087
466042117
7308375
341812509
73150147
2129939
296870731
9402238
364150457
425447183
18455920
31656069
140830277
4119799
29477287
616435492
148975375
33262232
354201975
468827392
145048301
177036154
15130
64221528
254149
35416014
131011795
12172605
31967524
136075
90518088
283160425
64784914
43024825
24802725
1440338
144944063
9591298
319758867
12430875
136413
423438606
166426499
495960166
527082598
2526018
6133055
584014200
751126626
3466655
135783745
63961344
42187753
60144422
106069869
51734743
8754552
583924808
868506774
11782635
279505122
7408984
708423187
65833245
1309702
90672429
202530447
128377191
13999205
127592819
92263961
114551184
814510963
47580702
181417592
91268069
298444628
294052686
68647135
25430397
78298148
506813480
39677
509350840
267740205
169774783
64219433
120280052
488108966
497476879
14880469
46997662
20477185
120986386
186886306
164006386
412342926
46225224
47156150
134724439
4178228
8685877
83851195
69163088
41026953
20239183
35660335
814264653
37562
52609005
51766271
220762324
141528595
245533065
66295137
752168697
948890658
533926475
177897549
122848183
227536268
513971143
88274089
975551
517165039
120697525
13606421
122451133
0
251399895
61356023
88902197
153041
310612
629554255
35242552
65592934
734727523
1746036
7858990
12970928
431824677
9983149
205309782
70085091
591862264
59948546
109515
588614683
250862072
98458535
6160620
58326264
152279175
462512711
150191399
839475190
243775896
631406479
24675515
2835092
143114129
22858567
65876652
672890370
3219948
13209853
361079876
341949578
186474932
70688533
75131353
173878386
120701502
4488701
59792002
2153407
4276454
9965889
308543059
42431590
194543362
51778544
57784644
25830769
214408909
623708051
263571113
189815569
359569744
32869382
181854351
133956523
39498812
103776236
101361831
95745273
2045952
802286
362612673
8691754
3137466
41298061
11304355
149028922
35791580
383897640
136623398
1234182082
9991701
293331775
267294075
11170909
389542
36454562
546188
197169662
81883001
21274916
467021946
338243611
137330712
12989569
243324577
11872750
153287631
128255473
358997149
94815104
12230333
744324432
189359032
1093982
891835091
11079223
10884198
18099762
214040221
969104166
1226403492
176793327
610075437
930257021
56017816
183635163
39332067
243148646
488757009
247083
211703839
326258448
54558939
123729888
105859904
525303797
231097795
1462807
150324845
101662728
229504777
3918964
802886264
109467970
991919837
139253064
300743842
72185396
10923464
230288652
7417310
46165579
233675736
445426661
147230276
135427770
409141309
82368759
126652119
360635623
218505455
12118358
167929922
77343166
24015236
5864201
701335219
9963188
455383885
256313964
125323502
193369887
10612711
109594073
96077202
346013489
108638
143883270
203358
289448595
16927719
356443373
212395293
9061792
278562180
127971928
150090978
153056216
1325960259
233014666
47930211
1153450625
582275317
5480031
398731493
210315625
13519077
755443
786402849
45944935
459584427
128347674
20680886
123257737
50453589
2697226
6898837
559952517
84608583
47693916
6925575
75344840
176849800
70967215
163940692
192837784
240595941
1206550552
117846080
74284861
11918438
286420803
102428015
403202263
12300722
84239952
488710074
474648
497572865
418649637
73328770
94231806
2172536
51627907
361113681
5114995
12081505
236284110
68705082
634790930
6977474
634073850
315940995
92283737
899803817
496275853
113304190
590118255
36763981
26648237
1597244
52701578
22234559
1024941710
481756862
243274451
969103217
38236090
42711603
306201575
43712726
14713671
311137428
84725
53047466
446663043
417291383
89883922
3376504
83986062
14217653
248936
546265712
470370129
1732854
301133205
577481843
33329882
150870427
340843065
151548355
141610600
304191074
3824905
25691538
22413
12317780
4339339
1156711
58324447
26813942
15673942
286174964
5071572
113398122
175019545
139122318
209946981
140
176414624
687924151
1026258
96392664
593050135
268501375
69466311
319694612
294619789
90126184
644033489
5413285
32537320
6295556
4486699
122272370
2830132
60227355
130111862
30678719
419928194
120033411
1195276703
541581
3012757
708129
6019544
24744264
10526053
6792488
7407308
134846004
18963707
962285466
184596392
43495593
2851649
183397359
302724490
171904684
82621999
146507957
149260467
708475141
18298683
480269596
19820028
60310913
574121139
699088555
156942177
90559485
305823
131896219
526289329
522956
26174482
1112016723
531771545
541466592
45257224
12335812
436120632
283667846
354932981
107898045
895071990
99140901
33500382
391106623
62752664
484857989
8857095
27904888
34654699
487711952
29205024
767930
233764795
755080106
87244641
2769212
416204842
251243357
156
254584828
423082272
157498926
174523135
2036016
45086198
206506633
511545145
6260999
38
1684392
47398355
199378083
226641428
3032283
51793647
203236385
280175537
521182358
37610435
581454
32968130
551167013
32351345
50422660
253697010
44945
439414977
422760638
137437051
817067416
23529435
342088360
26648703
197114135
127080721
124292776
93406556
96403389
619316992
130051466
62861718
1267030480
72536
357458160
887620990
116736073
331482843
3016549
339665275
3713485
6662330
668662249
61007199
52431615
32528629
27716542
3257197
77723097
93843060
226983167
29175662
15103950
585095444
182847097
452317011
9642254
106421334
1228285
14430650
7535129
41777222
1036749488
74411359
33198098
55280
70159814
29190285
11035906
1228057
2415789
397510491
437793863
131833772
43152089
26638335
254413915
32602608
348644075
130089931
56181441
165736444
2415500
5798407
286791799
27966682
98690939
338189570
7046788
278268520
263525234
209867111
4368537
202265947
9606999
120293061
821817073
150586685
2238174
516489629
247378991
49058
449170835
134939785
230754031
201141
153570068
1738488
55052
8471147
419327638
495036375
4100833
9072406
45334520
317768488
310607765
6875013
2520212
44668454
29544447
222842461
40647738
5478355
842630
53261854
242323
2239192
303773227
33028110
41275576
321403427
249767
90073604
5456
269385527
1221495
59072980
205345741
388550678
118898985
40298609
86339224
257976598
28861399
192174752
17030693
2364352
220756706
30708685
179490947
6443898
37001090
657150464
246445951
50101824
27200014
1102003302
419476242
842964918
5073825
227896477
459628753
202558065
10193697
248905856
460896844
55787864
14101834
296707328
47692688
11362663
92236915
7852895
19767544
161351796
583503861
1140243360
226472819
307305302
58345240
100162376
242366373
50024719
188301704
134831846
239194396
112773879
17255053
283424716
14380055
10524280
43284180
45669603
334029093
17206082
84138916
195036252
622200616
467722034
249931180
503769
39566456
748018779
126399484
31187665
39000798
172830603
2985970
553424332
76018243
365443762
380897836
38470179
3433936
68111927
617145455
276645801
785579
121683880
112804059
1687945
1425130
12178931
2311107
514767603
403119347
460908725
91986386
703170933
203816683
64757805
120153224
23873883
349416862
1090190095
120731299
49
209889728
636928281
17538987
45471403
157732975
55242255
12934175
1967277
14550308
15697032
1924980
99693637
959225868
57955845
158644102
94817947
53159061
476427081
797043158
67601455
101413118
213096524
269856954
4579756
124279328
167672
307151411
92317
12791789
139271154
402413051
134671516
90492854
354526
28982965
103247581
16877593
18763023
332314515
4028239
692630213
70158538
467033845
471502391
589757
94490671
51693455
65683460
121873753
159333854
894851833
14727
71721624
129709808
50968909
42829
107203606
792240439
317207097
153023998
583699771
1753843
311638777
81728037
48551446
93300335
76775546
740028
7574443
432259627
86754976
387120919
632215941
876668054
379512076
594996355
589728140
984240902
239651271
81250109
865604593
95231933
73913399
566897134
194645634
762266428
137416645
19952016
39363751
232067018
98172665
434641268
8461285
294746678
6422789
24677902
53489543
2868637
72432682
1324832
7736310
6982531
24404309
93267779
639579
33143300
370544318
2461997
18974564
81724338
84202057
785820641
501079478
165788948
172115529
29670709
44668639
30220
19153257
387568103
1206447
299194180
899032754
315543859
3
213620198
51755684
74103548
8427235
554569721
3489677
46989431
100543
127346103
255937902
34608337
214712816
452445207
79410978
127341
114076338
1460899
117449740
295451104
6416838
220118930
3326161
127010155
2507202
1688068
892840047
41629439
969763
696277082
39470
349367109
198097382
476602159
98206712
4472625
949509163
141984652
42867970
462751868
8062630
374712819
52089710
766678320
151259381
277011
258635160
1256145
4133501
28237777
138609043
339041176
197509348
50676341
27176758
77963423
116242663
304816379
375660247
21311354
1817066
778889094
247179881
157872733
205178868
828446844
186662696
27307730
19595261
725600
491221405
81641079
491117
17791639
177345916
803378231
570880
8898962
307961191
7518436
33
294803952
5064256
3693849
21123153
509398
132410337
67765536
746680543
15730696
95569
240297772
636967061
169132383
1109979608
16066219
103795
51075619
508031307
10700434
213605657
223773095
130922190
6969945
36895725
211804863
123902255
104296680
243515158
32223609
595728727
584373841
416496183
134705034
896973388
22723408
240024436
14498694
132961396
253162620
735501419
23524548
8053506
9004716
105672648
2042777
200133257
14481291
79175360
21013442
328435495
2128204
597992403
46670077
118409886
4498124
29186272
503211748
412132821
284101745
22111148
337043867
98845198
215433965
274399020
3563856
130463238
5340586
17879796
983907964
2158360
10098677
62636957
121837991
342383433
722647936
372615160
1384207
244931912
538671242
12278680
245775
477057236
678521744
465301159
54959365
9530303
9945362
407704538
12251502
1203467
294118205
6596038
38253617
12143123
361407302
14163936
83090882
276550051
123351212
525859506
60064396
8265406
34985423
2170405
19441651
712061731
149788781
28090937
103867840
14439618
133876415
26562308
35409927
9221358
369871458
210825921
47227935
1796868
74967709
13245
14854723
222999824
181649653
65254363
8574907
108021079
98748415
6548390
203315950
400622413
860125806
34290
232695999
22619
59769931
945826
56348845
42218413
73546433
456584577
54001378
75551983
1188033980
6970202
320971787
65687099
42165547
165510424
39769401
903986920
129026620
252825807
259524020
308027385
620591414
32037874
1141142733
27240226
212073043
434632896
3488928
101255432
811206
1164761084
5402798
1384489
33670294
155114414
41696068
2914430
34109813
420477090
59605711
306164797
4979
18062736
964003485
39789410
24568296
7165535
13348434
114117590
449988409
28242
157814788
509796970
217611491
46132084
52828004
206918782
363764938
62920664
26476242
1632234
70055599
137946893
5045154
399793409
250448852
231371419
14296739
120998168
145249
921197
294402675
269846753
1069900058
9830274
124205128
211699244
42257115
22036163
766098101
179733359
44312322
273871788
689565270
336743006
861834
1811940
8070321
190599619
526736197
79108064
830000075
55886484
18874046
19477846
8456878
148180
24906628
159327361
158492904
123433595
125578557
36738967
657185862
62653995
870182662
830237916
4457959
200661144
212754505
254848159
13218342
1916632
2666364
20242862
264410
72009295
277437784
223731659
13604166
483710628
16567098
155020214
283084353
30909759
203519187
319300346
86091635
4243997
103711640
44693767
75842
894524
3073115
145979617
251832332
187619259
5788432
113663919
14536161
204930662
779677405
29012646
313562304
69864799
86844354
845590748
44598
564079252
715625204
3284954
558646982
3301098
110453892
269876666
53396074
12290318
2310653
208764373
147751919
422181774
127647443
361905
126153468
76176936
28831223
303318769
162053867
191100756
21035369
79700790
37187082
380952030
265101
70562197
25274591
29113545
183101232
272835846
381200
291475023
1602184
462811949
441487511
303161591
229756727
46991323
1964537
1001496475
188189266
307257821
65374211
259318381
2284725
310059055
463318032
467546263
1317011332
102141026
554093094
445576317
190635502
171897420
17790659
131595500
11565614
2475712
199440129
35262182
207546569
378600177
129714419
23506415
251419
9934993
62895365
26974803
26000789
611629
249462680
363430444
857193426
7724064
10636911
139250084
31069360
502001997
45277346
12253155
243591950
97724951
217700
545139103
168672248
836296868
885922975
308295934
890717735
11411452
340362847
283778879
360518
14947308
302780193
187205852
16636944
175855585
6025043
28077018
469202929
51205977
4755417
17549045
7408304
726867390
110860662
36821034
109558605
9997213
267633610
8835351
118398012
113187308
686737268
324028
493534441
64091416
43298087
345203277
254177898
541934928
283734270
10342768
48747717
60038546
105763622
8981064
5160423
137292546
228527371
55378685
107918599
48989903
283188287
120437673
330284557
66656374
14134251
608121
447470850
16185345
264378924
173871430
414528209
75535617
53135942
697382648
36570437
8952
362776755
162542652
147667
6329700
4867424
464810579
69642921
114302885
138243283
51054902
23517197
503174410
216511165
336326412
883098170
178833893
64462313
40054180
433866633
159690747
105505271
591009910
69100531
197524921
606876991
23357040
110376201
18898050
1213390
394144519
600779364
6179604
52249190
47654299
91942093
502333620
766780
26913597
182771378
18076027
175621074
7695139
226237095
243583601
411040017
332726448
725122816
179397675
4891922
149608914
124381620
16002112
2577621
138142697
380411321
1144111830
78319524
224525384
4287683
322445243
95617675
203609140
83448155
9749980
397903
216613425
269669880
141775559
457419844
35019995
699426312
64697783
38565882
144740324
91111779
155677558
26395036
486678128
174862409
345023364
174011
7359221
256320890
2736409
473741096
17113947
124877283
6585674
38160059
113280210
559339383
96138219
471353749
24129660
3911328
292745496
221803690
401154737
68143983
7373618
929492
111607689
7723847
80181098
57187948
6505946
54470149
16426400
807535484
218615210
13004607
68170775
125696919
270401565
22027580
114215232
24414672
55843583
33737308
53229247
516007132
61149719
73773750
173334390
89439782
13889643
37295257
6437305
1035040056
321614172
94137057
92647758
14504945
5327976
235698618
2066689
106094393
3424996
155104516
120953394
90040159
5015428
53737235
114043239
185570991
376239587
43111078
14701597
433489984
328546284
9891527
40858442
89499740
29076833
128755171
117815371
4053730
41824216
345697078
161014082
387318804
13249648
8913107
205359
471682252
229575952
11127864
144381873
44260640
5422513
1557494
3347965
45114799
343641011
100186598
683249897
62058916
208700551
82818004
53803806
6433512
19295386
248962130
264975791
42055707
869336557
17614558
188578271
5114715
2965606
1026111071
22105
479557509
438966350
15058974
391633173
112731417
684173
54342304
285679228
16038522
120498076
687251680
109826149
868195838
2034213
11789
75078214
247769850
837000
64298939
69234311
11926733
147029990
491074452
379420772
196265875
473464753
136119720
1902427
357367
21406372
23367151
655044646
52761689
11842622
49642408
220489333
19937475
6421264
18346566
344207184
53620219
115114199
278158412
216702523
306239355
148545940
17207115
75612581
5034474
12024078
33233828
303811104
205403138
23490787
49368909
479375221
47953055
36491903
34363305
57176914
382645983
520659926
69151291
378746837
30123498
3389450
14205229
407375609
45032382
295427239
48908316
47521995
353558261
59762124
150771752
651674265
93762787
130407893
678102756
7522515
398868105
4343826
367903422
99033960
27177199
287603
150524626
10614230
436194644
42784836
31258
555709133
37368346
311605730
303101677
591678
31493434
220860923
118538978
813148032
483420701
103722493
15330945
174275524
9104389
117420622
110089676
219480639
172802879
494203
13372427
33340272
2438225
43146
377901258
135596092
698536042
497788039
4794588
481900436
41286570
63337707
821629362
253529684
237955302
99708954
239770528
2535718
193805998
67781749
1228421
206286641
145014133
616139463
24961315
86369769
345864538
103876
119315081
6912403
19939971
397612680
470365334
1567850
89511261
64040232
642088024
245721539
1025854974
18428065
122374362
332516960
12805389
25419778
35769738
3347978
251124802
13907923
39966613
923990760
61571241
89542583
138472025
75192383
217023654
170044585
5259275
266933822
611467229
3624144
56338943
42107247
84599961
826897686
944007362
67682
30841
85767394
1956056
27702011
3704789
27061551
28003416
42208387
135993865
122557453
193853128
273716207
298413176
8079201
75357871
1392122
15219899
289111719
45121219
344336484
202928585
61347686
130630817
78933954
49180802
33166706
51965781
92619856
480411
400901173
1006865
288388265
352345338
63567274
335038884
81724194
233642143
20258464
963
126513893
30870523
7019153
188511309
797292932
222554905
269212942
239902356
195104589
10978127
195668943
299111021
107007404
12518418
275523704
156287885
29082484
30133668
961333636
468778902
121758409
21716782
203432014
98451724
46709363
39177128
8429171
78037227
59995446
25882561
15435913
527776680
111183119
473392205
473464018
202360111
36564582
46300283
82064823
55887374
40105952
266582910
295959365
15509206
3333368
244603193
28094054
397672845
24158794
8349110
70423266
609055032
8022237
141580713
12899921
512074178
549600977
607688888
165234528
1132718566
503557429
132633337
503474108
43187469
73849494
358402973
38496698
142563446
13943542
726918771
278600622
494811098
240447350
192256546
84638721
125661259
747215769
102103795
115827264
17001362
1009559321
394273027
10386210
137779261
3842102
55536410
256439556
34501525
37020324
3644176
200480004
105543414
18725499
631794451
246768694
176968945
378280211
15183
5517081
48578194
227830442
131769957
15094907
7663
200216410
46755780
758733016
253553216
238730899
42956556
53835181
432175513
181333077
78030071
2005799
182233602
306732600
202172919
310960561
2681157
249375479
470915566
259609206
4848139
209702
949171171
45277474
1035
2667564
8554412
79365601
220159395
85132656
54435918
206785820
254334677
122719991
461413658
512851097
9154877
128994084
11271430
307135067
46748569
561716
219892958
799780035
1051859562
133353
607857018
96407202
471916664
31828130
23689801
139295012
997980135
463611533
247129252
100783255
170991786
763688180
249300964
932119703
1858369
117344
92313179
5930865
165868512
20519018
68992582
27363021
93955866
197490233
13436454
46709262
8271191
185279368
111485221
110920894
113681806
3870630
314974
331639955
21161249
1204234932
58077582
575165294
34949939
1633991
37392174
570526457
230671250
326003979
84113795
1622261
1021420370
503694710
14923600
223503559
264063188
122575659
22201629
182193837
291628
537901050
483661505
123808786
387787994
258727022
1144562
273170029
113330667
9624784
139722040
1060788998
200057051
57692898
4149413
36825443
22597782
60749027
985606664
223164
278369041
41942512
5294896
212497335
768244399
118694887
113107409
30361511
471915778
1170763057
22687140
464266226
825368
70964229
107474816
793180086
114977104
82720009
16082479
490679807
31161
7095565
131535
51260278
70135
482511144
47019491
42357065
100753432
298983225
149317864
45852514
6140845
3378073
4102184
1159733696
5102316
331348861
13231192
100935634
56142094
7613184
1010082375
599822976
219773518
503702025
219727616
412174662
596127327
224374449
27148792
320122783
1795244
55247623
480646277
106583443
287178392
4362806
15174179
1545689
30771734
121581369
747804694
137812127
7540079
288998323
92424482
601151917
1386333
184785499
6851058
1047215063
61506091
1014507547
430089133
844643
605407356
332766849
4689004
857317771
50899875
26159288
126731173
1152283958
2297826
128834030
148018434
413910481
480383489
111837001
262477118
372218
253716918
7985129
274648931
212425237
67503112
33710408
48841638
17573904
298683446
483351110
909747992
150618
217364839
106385147
366834901
33463182
64913052
506754408
115418186
13689447
44628961
18095552
311185796
68437300
422318744
44570418
231142516
40413515
210393120
15954569
42874521
62784231
355368076
392773
30756684
64410986
123365072
4640322
354161579
33140709
83905917
26180801
691872515
54866942
465219056
130328052
672830850
7952722
377916123
423177610
10324447
83202437
329439
67843422
12521810
341910550
245505585
346067
214670573
347180523
93730621
262409873
387281757
669521045
511720662
96399861
557854197
17335355
19709299
22118239
633800060
27089834
710301289
143238131
154015
51054709
6734369
11722730
195088100
146270552
66459021
39645086
91776769
542139261
134580400
74982
28658131
277892929
229693136
539173038
9417868
20908866
225270447
92574784
10945597
6055091
121098860
1943516
74693336
166538376
268
84816130
18408860
42765437
382614356
37531061
55395881
79368352
145840730
185779778
762270079
84791471
11645757
16901621
30529243
238501
307313198
261659690
11996452
173335702
685908363
79011710
224776931
27930326
2435090
2941605
282249183
98314681
185246846
231795969
215670226
86288754
49110779
127525343
460363490
230947315
136599502
67798284
117304362
140842905
78732163
279450716
22497551
37564082
5980832
337
16702480
148868779
50731958
26095659
51471466
1103076516
189185541
5698693
165069681
14880428
2870386
897090628
697958778
123831538
261648844
136653036
99056201
224750543
4984099
417439239
1351064
15426387
232747305
8377883
591602345
28570787
7481805
50368334
55386628
168699836
321551129
6187723
3745288
2467848
17978340
255558111
338229155
118479927
31843837
14145031
77520591
157692957
984432340
921061701
467759201
75196443
190414196
12578204
23265839
243932759
25161554
1202227
63560821
716505666
35244005
7816270
35693304
2475045
306178202
173391485
1091817391
139368049
37928286
130028886
4357740
125170248
66012006
19559
1698306
224459845
372549531
292305012
1656408
55114616
6298364
363613317
2478980
75040009
164605
494918623
50393779
617904743
4949061
279507216
9562
8090266
303807570
308494594
630831
1142887
697260106
12142977
436064762
48939750
514385566
301059068
3579162
18755730
826369
2981349
52019898
701799060
524621068
115769781
206976
219391002
51240
164455367
2752419
44382868
147089678
27554
9160891
373451181
12025136
33100400
476740253
38469650
951606222
340291491
6445487
62029999
49802236
82414742
59117955
84818060
131803928
47392415
335669940
355217255
208688190
16016755
586371691
927623
365219991
1529855
399221424
155984444
3907476
749757738
602191129
330093
5349365
332098944
45429
119080
9136605
166211492
443715
298738024
10308134
39664714
64292212
525875
537441794
13598355
63157615
53436188
549136444
721844536
777280159
98091747
688334845
820023412
292370672
238918857
42883130
851540183
689731237
46772760
167995075
82178182
108096
55987
107322976
414130613
513743156
9836410
257247268
21081876
38160
250757836
35606424
40787050
24758814
46016290
31551028
333600425
876100
1111352594
376207688
335843
8404
422011644
438101132
366313422
6314457
120397440
159477143
62454347
22290579
123578576
2978591
324172128
334647173
274493329
48566279
466389
212988982
146841655
3641458
138663270
491627
683167386
10129288
2331260
1874134
401941229
311711499
1054916513
212618595
3283001
49539917
95931
165501350
70466493
58193179
231227214
154868162
609325560
13779938
311388656
644828530
27179828
984929667
188830
2216198
274815158
39136402
7597857
24813
237844033
6395495
322811997
135752494
549662488
1015436
102119145
29288714
13423507
21000049
155276105
45423763
256383750
142156333
44463335
744966583
184740893
766108
180521374
701657538
5597785
299983175
278675567
308804199
646685024
73097458
3151520
670081598
63993971
4522865
291355503
642138254
157996155
1153525222
567115915
237538013
490339106
639063340
531945716
35479501
362031020
74593146
136339148
17906897
41921640
10957948
5053063
26389412
14245939
132671174
114587171
30891832
77914227
1024555454
58846515
64272976
368686103
1375029
37330920
151032672
251481899
29284927
17170810
96296385
20352492
316826380
806122693
64156445
21484275
15076116
190342178
8412893
29117482
260374607
145379895
224751950
428639781
259531804
71602228
171929571
749999154
49605075
879653106
547919678
241622175
589271407
307162071
152030120
1110460
490847083
276638
105531531
79165849
1739713
532683994
3344202
88670565
154536767
622262355
450405477
960209
24717584
1189849
62434536
28882775
334464172
697819916
74791325
113017442
52050924
686044
85204676
15934976
124142725
50679476
11454063
11609114
40351295
97447822
140267
32029497
408483841
832051548
2960062
16697855
955733438
388998752
28707624
124811
273601
58208562
485500692
827924060
8323456
3436821
16692789
726207468
2665964
925104372
46629148
962139371
193462673
118961529
7583333
429791709
2460048
43434367
750584785
688483
22593702
626882
25314869
109616251
239461079
91589333
35917389
185636633
314300548
141817677
2841755
67405619
53587340
291158337
527218407
145047575
146578461
1055632
155429815
87465820
372324728
951036626
29636090
130620110
86123668
76608245
16719538
295687326
21963
181958637
334957074
61672903
190532423
337863248
7383847
171115985
14242210
230152338
928829002
22582270
27331943
3621425
22496752
9986582
209267120
653565457
35679684
4858017
15980417
6906258
137607388
86689130
18704
538931
4105615
52467064
630343
988943802
50415396
332540318
3081945
19444322
146610217
480017784
145886485
55626233
233302966
859368197
3755851
43908536
531318361
22157991
61279256
21368341
36159576
14233179
242597328
19498969
6458007
996084653
296167908
160203119
60533448
93801827
923786900
238716905
67771663
211675655
169140928
6566708
197446895
576212234
760773939
35729772
721613200
484542502
169252389
751240675
3427389
33053874
371247205
44019728
149329023
671996495
300707474
318411218
322582350
43076472
73949463
54629139
250411837
108137839
114748
290863850
12051814
6991869
31610633
60623698
7179706
243518976
85489344
39649377
545863104
30302383
322092800
350664667
19883897
813727859
668366061
142578794
927545311
29885459
364339027
114342246
278943280
176351079
13280
306569685
51081384
367948986
12497678
23251316
775712130
666525345
45624806
46192192
5676371
78530064
345903403
333224264
5274403
162381104
37645
219742724
109085438
128
27730063
53934962
7369561
387001448
58329034
279174329
20903372
1145255475
133462211
128293979
87154458
324000092
302431779
330361220
36129864
48874686
152117692
109753098
528519770
19089766
369511525
1311632
254898713
165482147
693410707
440219808
524603534
533092558
1285631
1017428664
459937780
154686197
92123655
6938363
105134065
56171193
10924631
24889263
16993613
278960958
599680771
210898573
17039401
515983932
133431272
498076653
538616
523847253
21122229
72222335
520320868
2758381
16596478
1285097
859886
356647935
341838200
5984953
2008938
9061370
41175643
595231534
632207935
12973061
1591772
576144893
8489843
543314677
166994037
45875961
476454902
1373759
8526343
735410691
361010708
335348813
692174434
524582
339370233
6146751
244762051
175053831
31760029
98737410
3854276
9572446
737917545
677364457
3807220
105622435
51821491
229667674
313508
213784690
37429795
40037079
8132640
49265821
214983430
378334795
958084419
595761
388017892
19756653
77054694
2406489
313322757
20378915
24582220
579
750332406
31548642
5377053
123140463
449938
78037956
30454875
252076762
264986363
20208728
24486850
86235550
475200908
11414921
170494037
87345777
894165992
1082503915
1246074135
165641411
1005352612
4569658
2494289
150037379
3765544
442709328
356600501
1028673344
663876836
953761
50955174
87599673
160140911
13835736
31399749
81661416
843398363
251817571
342547464
62937561
91243840
2425062
26839072
70146610
13690994
1223173515
375833540
857694
345019770
58911901
179825835
12804
466652342
40761
96090662
19871889
11653569
17604543
312793557
8114553
214480158
487915759
14936669
29526
599211680
2131899
584694386
556871800
268682165
472625132
1373203
63057407
76385652
12823316
13827052
18959732
383153536
706027832
16402950
27673633
258148624
68509431
250106
341330439
179294585
766731745
335935836
355287141
469434430
215435678
29046542
115226850
29902630
121796733
24496823
7390039
631322928
176208632
2050833
150699493
10974194
49855661
9498225
50169344
761197
286841639
352437652
136293403
293589671
224138380
246590539
71019276
347838896
54713
19520678
600495
3758916
42216811
604434839
163534502
27888168
630294507
4911913
60740340
571663435
142082
321315347
38314877
57023278
393285304
305995402
596734881
362031416
23406390
19839284
1906067
164664781
92230874
1555902
124841968
711345674
783867063
12138312
47154559
276415272
613092155
259703915
264663882
8972183
839874690
25823200
22727
37358104
28712789
164396937
2381224
100065028
139754172
135045403
700433578
11815378
483074138
2905082
308196702
232817292
1180461
98437427
62677408
141767470
44171907
176784956
101803895
267800567
78740591
480608593
237624646
322512842
177600791
64771211
274152696
387202722
152109
283323421
109643409
126547068
253147770
7619318
87146235
439776643
8355779
813444
62784680
766769509
21472753
6701968
445913124
3151505
127704903
271890760
241102783
57055166
138330516
342591319
15965641
311650819
20519709
6006583
3409915
59199661
284932920
70407547
3258955
6536
176313452
6185338
173708346
110542296
165144939
218662986
24168607
20797686
240506007
175757152
94094885
26400887
109391
33447403
280701978
44535507
280212501
130533340
108477274
811348
167443078
41773753
555583975
35863896
442827182
68768024
18470061
462570339
736834113
3678714
1320215
104821603
684249053
367764552
58065925
75747268
836592321
623468253
44209201
2035402
446855801
545270
137812703
749847969
162612113
177495142
30885496
35929046
387086059
316849556
68796098
453115973
2577
683139071
1080194
12701477
219684
5272587
116134949
10485051
168096836
348942174
229536239
628684914
524355466
46888
210589140
2050137
246828508
248047489
501882469
8805821
236032413
1750425
287452639
369966162
196499330
62983688
30246584
6192725
54804713
19760303
451295317
3561665
446284851
130942066
1236512096
138370142
121856922
13350289
748656455
40953393
713757639
232502630
141788639
627013320
167968979
39862097
163002907
8792928
408731203
6256948
39331935
289855
312879082
175392031
25836149
176058205
14647112
351277
236742460
17380287
136284816
49609983
375671790
1077494562
1
125114992
1092393607
94148195
30962329
670841463
211385673
31891152
164255167
135618569
1218472
64734183
658328216
247102654
127810372
698113650
17234760
22786955
65302861
54998115
98553621
150723694
908791789
105518694
12471092
296237546
294178015
542091325
45704457
136692795
316399336
312557441
78940585
895186060
1061216
1019372
170843543
25905778
1850184
26130694
773920
114738969
9626293
202839340
647712793
12996690
192839169
147534774
450039
117331578
38364535
46510635
30344210
870885887
212580637
15498950
16929325
162100269
327446850
308364756
44359762
290913539
67669134
166970
7647490
997540439
181887224
27286024
228150053
150308268
86173626
901824883
2808165
994992713
14412436
99720426
94810672
81470
121545107
73397481
166680175
282862712
32442584
227461031
712104123
553001680
174791473
132415888
12876663
712670
7355066
36570250
953600941
15870541
24460959
361573861
308606143
207648634
30215781
196715128
39435624
4982390
54081481
184179829
55085861
46607
20286546
119305971
174669678
691442427
22065254
36681512
619212934
83003115
5609691
131625678
1623550
8638629
22416094
63060081
115939960
413468840
359057920
1171762
36533282
265219029
1111377
329696307
308792695
110990167
120876600
329879882
220088692
17278233
33161758
5966816
176476398
240810669
565572357
38
88650309
2744890
46639839
270395665
460498744
77773482
3465526
563539004
133820682
13693972
162015724
824330229
700421849
29434532
430323721
36951127
59250640
1021424366
363177619
787930866
240838568
16264979
39688630
21493338
536192
149211441
18618398
38846874
804240749
7507356
47128390
97527008
15028325
6968759
32574194
31963151
41685109
3807493
235713814
900407495
92004663
15936974
21081958
18653197
43198320
83843544
9577501
120284
22191395
4010777
106781288
726676
344327594
157309
35481038
97526135
1378923317
8507133
95446986
193576408
787141987
6845805
122143579
261711508
230942
31408118
19445850
102487
2740526
163469387
41418806
213823942
77009793
733332985
17062725
88784792
11279873
34392885
14137539
204472428
14630298
477207559
15531162
56993746
309865291
17729487
1716547
3131950
717285
25857149
683330
20191851
151904181
309382970
826967766
6381420
325501408
326916971
76592186
17629808
343610523
206769748
178304801
96218607
15480984
122910227
95051
121225763
117100234
163580322
2042005
44748150
80039307
46755635
68560
461175617
12433213
27446194
149677321
93344884
3069275
546219108
141387956
114658066
16366386
506999875
9984200
371328794
17433299
31610557
15163984
273547220
35628090
359828469
22262290
144934117
102827600
2215634
49966699
74034820
868421
562580
122250945
50726099
56431225
16353182
52766441
21709676
777858284
476225334
27357745
500564551
271510369
98417959
53165001
13984046
703800287
727508757
370639500
168869610
493205286
150030905
8902829
164042322
8602189
138801176
384650532
4089880
305207607
5079605
532447500
2068823
254189674
364495213
567126343
339482445
373508881
715332544
142583313
83611233
91189607
106562426
98587693
383874223
915140087
369868767
796688019
156063904
203551625
175544661
8407120
776390169
761428906
47914661
98654532
244548094
49111595
175142274
34422147
240
120033416
1055693927
6800251
312911261
340605199
11856275
833028873
70111107
104066880
448152594
6340933
51858248
19291318
26693985
279752921
413756005
556969255
1723312
3630
4434184
332752179
1035581045
298937974
38490923
6021469
230548711
293517308
1313747
188626324
290833112
133613495
72220437
332011009
278654136
416039402
802008
118679791
6845427
123196288
1600279
692868475
253802345
187391444
66442968
22521740
660840158
609229040
133314492
2823213
36026343
734026993
660912082
189414818
183923379
19941079
86196121
65138334
88986760
133005920
305553619
406984543
252558944
268958318
219866616
511919445
10061014
1252304
413880294
206142317
147057813
222145734
5787237
142850401
712978988
6474853
11989919
14337018
291605570
753240444
209707
53451
112254708
97970239
554702167
920230541
356158865
580296735
85915655
16499240
548351850
40839265
11985388
79012380
295510545
231734246
27110642
367724871
118648988
88460233
477458516
94612319
300021671
172523621
16841698
106454580
92664198
411574176
575304899
7434574
76416628
685584341
41137907
369680024
378536
904107159
67054
58195928
140767303
30627123
9714856
1154351
1182885916
85370757
7697474
44556981
48535557
88298084
71232179
81078322
236969
185288657
65980260
259571674
214967579
293547471
1450767
346091660
2888842
568561784
1385422
41771089
4660813
621648602
22021911
114295883
31949707
7380766
42522784
46292280
722880631
306453229
689111741
673150500
1063410402
15789671
927733324
144935419
109032357
111355611
56008748
255993312
648239904
2840201
51141548
10829953
2190714
170675257
228876064
105974495
114933150
114450739
350045869
20447257
191917055
465526160
315527125
32188469
227329671
31936289
553351655
207049
5065503
275852387
167700680
433082
87926425
15501781
378624649
1282977
245906971
1455644
710682395
46469928
592177128
431792719
190853117
607341
31195931
8055800
84596958
16384346
512019388
139490348
4461115
202763116
21458682
471441599
30786451
124598981
230489416
95656493
13571118
38446746
4767657
164499
648598
18408629
15529071
2875042
204065959
51717066
62021932
86089367
25411150
12539116
790982004
803781697
115504098
532087321
248542855
1572402
124461546
6517024
384837
155726000
158046878
75732572
79437838
48198039
58475
3050609
33239132
279781688
47473467
858986310
13067813
9884189
27911546
1172607730
26908526
180947676
3840
63002762
148904239
219266136
28193
223997408
9629295
237222941
3937973
978678348
754737321
356198234
1078176
334592183
12188794
16017347
33531597
13202570
199927665
292429516
12479499
240441169
13800183
319168691
208504698
855691
197588296
22061291
1009421296
67702423
474279019
152631071
45252476
55490878
154925340
8072389
24914815
503678748
97602869
529238
173142623
6798525
135014056
281929917
125367656
10434407
16355432
3805526
238920972
683247156
776811
378890121
247084677
978273186
62759042
416884687
870787
10345550
337817052
29374812
48400389
484737473
156473589
123527892
70815428
42953236
60653812
96655912
94752789
185154
99731273
42785305
6645291
910335801
441627
57680806
550107784
167245229
8671366
284974674
138140784
158150110
51268875
115797275
459262104
739075
6849417
812311593
319380285
43220331
57175969
134458424
98929874
45723306
617463391
169255942
9903088
383924522
442611874
61614037
604427932
1302254
7597900
1050511
190511429
5622880
637935721
38844571
36530181
866380736
43387623
240422788
44597768
41088197
10366252
38139351
595971280
224209858
317450958
249755235
5765106
263690170
122663606
126089411
13366611
77071
11709428
75118367
317149309
995785327
61205693
1907714
260958518
50539052
3390791
968856423
98864672
76209
1909955
7286030
68364776
437426202
53841846
3452224
24832656
101367386
212496965
10969707
200293610
15920485
121278
140527297
11310332
767407
110625187
9638739
71024416
123078425
232927641
36925295
34337829
925237
120545383
125965952
477352458
92602941
5
195957691
21054
1398668
241366144
2036550
135741590
76530603
144671777
250309038
64771349
333272597
208155821
293041754
2952638
34686803
208271686
3900840
682529268
1040509
13772338
210622422
355386700
782838603
165347
4378866
43813418
87097521
90446150
44585816
353317775
275520632
895870472
34272723
416054242
43544062
162016935
155902175
40211366
879727
321438859
159045110
186051489
49687959
384092526
58148574
397603694
773277
25089062
1347765
510444043
258238183
10330572
214787438
21664516
124849356
100318484
23993101
94233
22257018
22547422
372599605
1116063420
23129260
113424293
26744936
51305403
31915515
476602476
71068088
967139713
367417389
262038772
1057325248
148963606
13692597
159602904
616533640
20464173
3687537
281356435
20442051
8274021
639202306
14945251
521940317
1030721
8784290
209438626
393973
93524555
230387196
102607854
186878894
80911
111909419
30365485
43624865
1058264199
825281330
195144368
260412461
179366616
32473711
194244895
16733147
4156292
628073392
1842449
226109419
2803515
149461403
81738659
193655043
78691452
22369711
6437995
462456859
8269438
282701728
119791079
207478591
502540308
4486443
292030078
245026841
52612199
44182303
2499493
180824637
49645994
32883868
22686991
37666179
15799733
30261904
600396
199865230
391323060
73532803
13071891
289874228
171175901
9319879
719483676
187356
33098821
83500731
192868175
300690
20135395
238739047
181613131
23465619
715593785
778021731
23985051
553559687
97782061
6992492
4500
1279988
11134187
669283349
23824818
217774779
138753690
42913836
40681180
23069307
10171973
21218031
16841410
507198628
327025368
55201358
236695484
150278271
264766398
120837110
66797466
116191016
583870129
257843455
215630185
113522108
45090438
84555015
93614122
1019740
338059069
86762070
492784998
300521942
843133342
806697152
275151348
22100444
815742906
6866608
841771574
426019114
145655359
101310557
937912399
30940818
280137759
270621760
831739210
999781461
460296820
715967825
81243280
91073201
7903001
531984759
35370346
23810465
29389290
217636710
216477530
13660978
72658355
47070236
52843198
93477108
38437018
1995712
41177372
278434817
129535827
26530278
558009631
475161302
86862953
559791334
732431325
16110678
737533777
172635723
152946238
13273242
2571392
1553809
3625619
56411315
719323496
135676558
35811708
127607347
14754035
5224802
383820972
62215389
67640658
435896649
451762899
453779446
1113910061
362351354
4132193
15115105
14627887
479553605
498470445
22581
2056014
2219231
369447217
13511805
1448049
423279075
47364777
55446447
143283735
1855294
1581218
456900
142049372
2771308
100120268
20775
14083913
284015911
13334425
805220012
15545757
135841357
131402430
86623853
197446177
719363386
254336879
258526233
60763417
338358030
108955097
978385057
241728156
24336
6506903
128060124
1317525
3698927
684968100
146749961
187274101
453047128
30739918
38286369
18962046
156649620
18413747
30751
7199631
312225047
86715832
254449866
337119587
26102237
879743749
321190381
254921391
565859300
187195289
190601149
119353
672223378
205272885
25806067
48090956
30032812
508149558
204538256
605830225
534311185
391971
622591575
2362723
46462193
63285193
207603058
517189720
241908
29188446
780629470
10376320
62636149
726697847
453238443
450453267
356383226
852137263
10136127
211986252
16951966
20848771
26004744
652107887
609584908
39605
297040637
607884
241936942
149120202
24691610
23794714
162488812
8913830
632249657
267946584
564303555
137477873
333307
4492900
309223429
38872219
1196418
58181864
788338353
66211747
133054114
98701160
46047775
5958321
19380236
203794325
10382172
420242836
54366925
39429842
485649894
80842703
1149350838
794395480
594387576
16445991
884646998
211076204
32999669
119065990
145468449
130648328
2514251
306025181
203962029
1374703
103858479
627007553
636907506
232664087
4491061
516174424
8641237
499834402
314791063
59912052
321016919
21948648
6103287
18841559
1044569
575586647
77960046
12142608
103584565
129772298
109035483
1134649453
400918770
4175014
32058790
42798036
46937
56840334
508260867
141086111
54428730
21201
55120007
601273638
22043399
311013447
473746289
245446789
8206286
29918752
125258315
138681965
1458
40137024
557439781
135323511
12911043
157692452
3063198
784276003
141822311
1368283
82953597
3995259
61262155
91068164
43500412
330410039
276177906
24817145
56311736
117222895
187686624
668295431
211294199
79857041
113802481
73112870
19004649
30280064
30747465
2205682
3153040
185039497
88677739
26368098
595687669
25137575
899496300
16330451
385298970
64103252
156133252
2161614
800498280
572741295
104298845
88692963
120770032
81883384
812577822
1286836896
276360305
61049382
94896723
228156740
4750236
30839930
140473517
483336898
536326
305010649
2594377
186888546
439292395
65484
777103297
467748236
19253243
315752624
5845447
824088
58710650
477668689
849081851
2176
923232852
281223929
112383623
210964586
117627586
849559009
295928656
134683695
142083284
263814234
66682764
184681724
226671969
222195496
11669768
13997017
3281283
300736837
444298101
2425430
339175457
49922627
28740035
137901678
572503456
3505592
273840183
1487352
367345821
235263230
3239364
915601705
11145712
120909191
131725207
5040461
571029433
39292
492729862
205012302
525192057
3926350
631499873
1793692
390558531
114450030
57630661
773051281
51284528
608571271
46133509
6444473
738759249
935054929
523396394
50065
582560903
270061936
54993349
196643967
28963162
47675571
74487526
155759879
7631738
623595015
28953541
763223531
955370349
3095
115045784
6486
581395
72531448
8135519
2438012
17928577
276428791
418516133
24532711
388385446
707189660
313104934
189841968
1257280760
215480086
145811864
481563038
511305
198605497
399652917
117141
434448120
5595685
154248146
37011760
153520191
706029917
1337597991
160557556
463479
252029149
179369945
152758338
357170704
359409237
71505069
894260174
558237
456688138
3090362
137165593
122716158
37495368
5794710
122555356
158294461
138286589
68814045
21539506
192189253
30382446
30321269
303135754
14809157
89200857
211487225
7979269
22608865
108292356
29392387
133624519
782510264
75206360
33008798
736606520
21833430
40140073
213876794
183935395
33259440
119859
207815459
71906791
601265488
5682824
5370608
138711241
21243761
86725046
922903
83049924
255472
324428612
541894987
324403993
2293753
5072847
217879507
76750018
796409143
24258108
475189546
64933682
41211206
16819527
1143006476
103830810
151142300
247373991
133927440
3907899
366417433
5068217
6978220
74776116
378916088
659213622
3779133
28810185
186547205
111206166
204983648
220014585
146736033
260092471
2021666
416807233
50169513
254387743
1747957
5153802
322411166
496300378
222488870
97237596
311172360
240708197
452751382
177924746
2255964
18101487
315939842
227119186
1071820
3738207
42763363
225056553
22942762
3714787
49393841
295998638
693183048
139938
253602
415478856
163513283
524093
71418807
288387959
12109359
98071932
266808647
231782368
20110116
3207859
123013438
807681
86907893
528620034
133317036
10745730
2444519
304110377
363149416
420842547
235464216
110008575
354207646
273740668
274029766
130143019
82335199
8076946
589695217
40550253
12492942
26607460
298488231
29929798
446626179
216714757
32216328
19149
73249719
59132117
18504633
1116058
117228580
181148115
214935735
146105894
3944386
19252915
331295324
252826409
96040385
542068992
22045421
84567094
17184170
52474855
1027520857
612699440
36203531
2695313
8178412
31563708
54860165
660475578
4941401
486379061
131504800
336444215
161213449
715738
5231204
23488353
139894522
328079015
15961445
1200227
128132221
21150593
1006024316
320555231
22520276
193293849
19703097
4414059
65179786
74603491
4522063
199528014
128943032
726
204431645
210074307
70005448
7288295
128197647
263602717
181690243
58672791
55378155
60955036
17644206
62069861
42618266
379761914
50168695
156019751
273611744
119537925
396749196
54916091
28394597
11549328
3530687
13050061
270371460
125549624
593717462
410338269
104870932
72600784
450759591
300596593
25174189
1179930
13630008
3435568
20213434
150652955
432613126
865711960
8061106
670493387
683105981
92515795
14891209
808334672
140822001
11506586
206523285
281608326
41994398
141288926
69194563
152586047
197365624
211543
108329552
61372354
906860595
282986795
125265335
2381533
349713648
106143313
23566909
116486396
2237421
165529982
522444117
17933894
10045933
204614474
20048501
1353426
196489802
128080569
18747837
11439480
570096934
374292348
51401790
850923004
304584723
475752197
31306005
1112212
8544314
5205580
7426200
158188340
290935913
219055124
117811331
24525236
13383125
635680891
1283093515
264399630
908375
152595631
701761021
171442952
87167518
137628822
354814998
289087086
226509122
230165429
158422544
24346887
188343187
49742
36830235
8122470
325589114
3096640
74136317
6372573
866315401
699401288
30964658
11248388
94874717
560490218
410059260
208716513
1895065
85184523
477458
80489919
345708
736317180
318975242
19847232
1569601
319306797
18051435
834570092
755544821
16748915
6612390
340841738
353957
17351614
1392818
276828838
226017021
81660160
128243
483663841
109395636
8
336566317
261427076
491768093
352751963
75559937
105295327
283519733
700548864
33189682
192402505
380192135
130963197
23600660
563035018
139601578
331952
462665637
68436
6165780
17864
84516461
245004018
74440222
144482586
410162651
41235991
206481855
260510646
3127158
5758809
57894657
644975768
271457537
89312229
2689108
331590
182244539
748392340
42422447
62478539
523742443
438133065
108849100
11498748
44293375
19988957
19892799
517749320
330065335
109162115
674200571
2525403
28129611
5978700
96541146
111521948
584217463
23871956
113140069
588278356
276532
363261331
132423960
20472094
1108078284
14925628
360492524
4185233
14506397
77164330
35101768
3189645
45674701
597678
29393252
13815
152007707
388910681
84574677
147154179
151297390
54389038
6026307
10829720
566165665
77248
106857898
