18189
12369
1338
15802
5816
434
2995
43
23441
5004
17544
120
4752
2971
18013
13880
1296
2962
347
12504
1
11554
1668
18320
2
7476
457
1196
4834
8325
12471
6811
17043
25014
15616
1194
16771
3916
3528
907
4355
10536
2199
17660
21314
592
579
116
1649
653
16850
2483
2206
1088
3597
12287
7530
5762
376
5331
16380
14285
3673
72
147
1148
4804
6747
79
20444
4806
28437
17188
12197
6267
2131
1060
6509
3230
4486
7007
815
5544
4954
1317
64
6494
0
3894
6289
12481
5866
12212
1787
2830
1262
1154
7993
9100
10985
21
23793
19013
21699
11264
818
10393
1396
4080
1457
999
10267
6972
193
9638
9981
1519
21971
6285
2339
2372
498
15583
1287
7552
16237
1088
2377
16736
26132
3324
4995
5079
618
21862
10226
977
9523
1
1687
12583
4143
143
1605
8271
641
7876
220
16249
51
2708
242
3983
5079
6653
9008
11089
630
365
1207
15111
1692
281
5373
12755
17737
7518
7416
1757
2984
5119
2877
21141
2739
9506
3865
8431
2856
6552
4257
24490
1524
8332
20703
11818
5
410
1372
1250
4643
15130
17858
5333
11554
2601
3512
3095
970
1966
4057
2062
14422
9337
7808
97
506
697
8635
1364
5
3350
2885
22688
1903
2999
16167
7132
23693
6219
10906
16584
3664
4269
3430
25181
4412
2695
23499
32
20590
14787
17095
5139
15968
19002
122
384
15060
126
19761
5059
10875
1910
3661
22284
18152
14406
854
7645
11903
1218
9428
236
5556
9510
632
20739
9372
23987
3552
8056
2389
1699
6632
7852
9573
8977
1270
9799
23582
22234
606
8657
4392
68
14944
9466
1589
19622
13413
19419
7958
9211
10593
25278
2195
18729
3346
1532
8351
1
17196
12409
19572
5909
5435
14995
737
6087
279
20729
5468
140
11167
220
1978
16669
15175
17571
5109
7614
3249
15085
518
20326
17214
9190
5075
13997
23974
1065
6915
5
3373
15227
889
3965
6065
10183
1598
163
113
15281
7453
2364
26672
19595
2534
17200
17547
13597
1390
15605
1078
25
1690
8723
5900
3224
2900
9556
25
10979
7301
14642
22980
1489
2753
3061
4401
1927
15754
7850
9207
5544
24927
5668
2657
21885
34
3104
9457
5664
3112
1152
2995
2557
1643
19177
3406
4467
11966
3299
6625
22653
16780
14844
16747
9729
829
10248
4465
1053
855
2264
13341
11248
31
482
5890
14039
3927
8066
763
44
15740
3332
9271
7262
987
3404
10724
13943
5052
1099
12694
217
11034
4167
2353
1253
14387
3349
8098
113
1635
0
4061
6999
24255
1380
2645
15540
8979
20693
2429
148
8012
17795
7900
1842
637
7866
13871
7730
29
4789
407
767
41
4089
2017
1381
5058
31
15963
12418
4554
5989
7103
2389
11591
12819
18322
16016
1534
1534
67
1094
4839
3668
16168
5035
14693
24199
9211
16677
4000
3756
1822
19569
11039
11915
35
2364
10802
1551
7802
2628
9247
15
6205
1224
4052
12997
4625
11031
1545
4188
18442
4495
20524
517
9016
8126
15643
7648
10528
7672
17201
2038
9383
18883
116
14381
8237
2094
4761
21293
7907
8059
10637
7675
449
8391
4844
8631
14275
12728
12159
140
13950
7012
17171
7787
20127
1167
5146
2487
1212
17093
20678
1764
15594
9892
3951
3099
1958
1904
5916
22985
1327
10051
5381
7164
10445
79
2640
8114
2030
6461
11361
12106
8658
12793
9687
1569
20508
16281
10706
11
293
7178
37
1081
4799
4113
585
6
8423
3503
5410
286
5550
14083
22405
964
1933
2036
1450
14917
15400
26627
8113
138
2627
6349
1328
15160
13079
8424
22717
7736
4948
13224
27
2442
8466
7398
615
1429
3730
4104
7581
2410
8414
6547
10794
151
1395
672
14619
0
11072
263
18211
7510
6408
147
105
14810
1126
5983
3731
9450
1104
4221
15733
297
2418
5284
872
3193
148
24102
1994
9806
1218
14273
17197
13355
5912
14767
13975
3466
701
14469
8981
6776
6123
807
10354
6313
10361
15649
11470
2155
5350
88
937
584
6166
3432
1636
17704
5797
4581
8441
75
19
12896
1300
1399
999
3137
15333
4689
1979
10611
522
15619
5085
13881
4331
13694
1532
9209
5613
12240
7782
35
20035
9487
15138
7307
27790
2554
979
0
8124
7369
1752
3783
14707
2715
217
23744
1490
80
12133
14632
663
123
6843
3744
9590
6342
5420
11491
5443
16620
8154
4405
1661
9593
0
937
6824
6520
878
20168
1087
8296
11464
1561
5214
409
10437
13264
22936
17434
11556
13584
228
2803
1396
15862
267
233
19126
5874
2475
6083
4467
1829
656
127
76
1060
1
34
823
1803
5277
5112
17895
22
947
47
13684
3718
5194
270
7526
8123
13
522
2234
16631
4095
16173
16029
3844
4980
1648
1453
108
1770
3855
37
9923
22966
1766
17160
19646
10503
17875
11201
17329
10306
1368
18240
21876
3672
5182
2099
561
22706
1163
9883
13575
11907
1520
3645
11474
14082
16339
2490
1788
19394
3946
15193
11886
6858
19258
8500
21836
13766
10972
5555
2203
11147
338
16169
9964
1719
2200
8941
14952
19692
15629
1650
19274
7378
11110
7521
10665
12492
11971
3021
15549
7045
476
3411
2638
2052
6081
7933
1038
13307
23945
15124
1769
14274
5917
410
12989
7
579
15588
3472
1861
11845
3162
172
6617
2288
1752
4385
14
10485
12200
3537
3661
7649
16031
7889
6145
12554
5028
24280
2770
13853
13250
3499
4708
1862
13898
3074
1368
15659
219
9089
2739
5470
5603
1582
1773
1500
3755
11029
258
6839
17
3707
127
1110
5175
1050
4477
2369
4246
2183
1976
2176
20127
13168
12160
11029
4236
16456
1070
1296
18373
3455
5831
12082
566
566
4098
18660
19870
1671
22
1514
2852
5895
13626
13331
19622
8740
15566
4643
9274
909
181
769
18784
84
52
3346
8683
0
350
7617
1632
4990
3490
3620
145
1162
22253
11214
4362
11
2511
5025
3077
14697
93
4859
6999
16463
157
14423
1062
1246
1994
3069
635
5941
15246
12261
9738
8772
9199
16571
10655
3575
20169
122
5972
16293
12541
9448
656
13019
22703
14379
12097
11293
10883
5373
13175
9488
13043
23917
1033
7504
4678
12143
5526
15034
6585
10137
9787
1307
9
21658
12277
1109
5840
1060
7223
17772
2826
8002
5323
155
6821
7629
7786
116
55
11445
1660
75
10833
2043
118
715
2499
335
16438
7386
9767
10208
3601
6332
1477
13553
15952
1340
26082
4050
3575
5928
10340
5972
10387
21707
120
18352
1097
24326
13296
141
14000
3782
3016
3324
8972
10156
10147
3043
689
2247
5049
1707
9271
1831
22881
2718
9424
17234
2003
5945
5802
12853
9793
16860
11772
6090
122
6621
3
1066
17742
23822
8333
23178
14771
284
2357
9938
18141
2353
14760
13405
15262
2315
1772
13348
1985
9683
11294
4443
19207
1806
3
2530
1128
6614
12165
0
2452
96
10068
12546
3974
11117
731
99
241
12879
190
8889
358
350
2112
19094
2112
13041
203
2726
129
6604
5409
5
99
4485
6988
14415
14632
8042
8570
1293
7200
10133
6472
17
8719
14281
8741
22802
7902
4525
935
239
1242
11169
1050
2748
1044
5890
3919
2273
4408
2526
10332
12775
3421
22691
11776
466
634
8518
11605
37
23948
14861
1426
13353
1258
2035
604
2512
7525
393
8941
4272
9710
4583
14305
2873
1750
12393
11259
5373
0
17314
13286
0
4178
8632
4469
20336
7243
8879
8414
2188
17476
849
19
5356
6390
4971
3842
823
4164
19319
885
13983
15618
4298
21111
24089
7425
4473
15801
12464
618
7551
2672
14186
20084
6860
21285
235
747
17144
23
3501
11403
4462
18874
3815
462
1961
468
3970
7893
48
16367
7168
1410
13352
12058
1290
2806
3043
8376
10988
10340
8877
2253
15048
6213
2568
532
4709
7
7189
17085
9388
12453
9463
12544
15375
6985
15738
3929
165
27
7218
7166
657
13450
1199
4172
13178
17551
12153
5710
14804
1240
3170
3067
14997
3597
3347
12416
3166
2412
19116
17270
5825
1332
1179
3381
11703
1121
12497
4689
1721
11724
8923
4133
319
10274
256
5216
11777
7049
14551
12121
98
143
13702
5480
4369
18474
28645
19461
285
3088
1658
578
1758
7021
50
19887
509
3566
362
11338
7874
9797
9
6692
6832
6224
851
1316
14994
881
3400
8338
755
205
11506
271
10927
2286
20785
1080
15841
14516
28
18
8360
5390
509
1857
6379
3497
19319
13267
4986
2132
3010
15297
8026
1052
12300
3038
21998
359
21550
4296
7048
461
787
5146
7355
1204
3083
1985
19752
14330
3431
12356
6579
15798
15322
6216
8317
7687
693
0
20
574
1397
7107
9854
11686
4686
14619
17394
3732
12591
9055
10094
2269
4487
6744
11216
965
6426
6411
157
21570
13816
13180
25504
6777
5628
12366
13290
21323
10198
8056
498
4560
8350
3702
6910
1767
6620
5870
3950
1991
8120
22479
18422
5244
1014
14069
11939
9589
15920
19614
683
17728
2087
8586
353
17769
759
5405
3980
611
13597
6525
4362
14677
4972
110
9628
13536
5134
77
8520
79
5975
631
673
5777
12511
15290
6840
10532
3213
10865
12202
2323
3254
221
6328
18621
8915
5810
1739
11239
5077
15020
0
20836
16618
4518
1016
1125
9126
4947
11221
4551
54
250
756
2968
13162
10452
968
1903
4556
54
449
1042
5105
7087
12150
2597
13306
7979
2157
1415
11013
1776
8465
10628
6502
7625
5271
6711
10606
9712
276
319
2462
10814
2429
1708
7482
12698
570
18849
1804
9811
479
5128
8024
6265
260
730
813
2673
242
6437
7036
691
10753
8209
17665
13800
5514
17580
2085
6670
100
4613
821
661
248
7534
6498
4711
16712
5963
6302
6285
2900
7206
533
38
13
17816
7345
13766
3549
5540
2853
2548
11899
20854
1544
5901
7524
9727
8629
62
962
7220
241
3392
14818
13441
2647
15527
12794
19761
3996
10849
5018
14275
1836
16025
24
5560
4171
16436
4364
2846
6752
1
11765
2975
6191
3813
1640
9125
20014
16479
7961
1285
822
655
6481
6718
13177
9615
15697
15091
1076
2019
21843
5096
3616
2011
6902
3167
13106
22878
11218
2143
9061
1414
8433
10344
17765
7700
8420
5232
4439
5764
1273
7360
77
3559
16476
20427
523
11
5055
5294
354
8939
8971
2529
1188
11339
17399
7789
4416
18049
15709
7913
10438
5134
60
15313
1153
6422
11492
3528
1512
5104
4213
5608
9318
8682
20533
5076
450
9053
4346
8406
22821
503
6463
14795
511
13236
9524
492
897
14958
2753
6991
4559
11947
1614
666
479
1530
1990
3411
15911
16000
23769
10651
2177
12573
9
3241
291
2687
14376
14511
12159
6787
17355
2565
16068
4304
82
8406
1429
15601
24759
13
28229
2308
2272
17329
27739
9982
24809
10898
239
1036
1030
376
606
2405
2248
832
9965
5443
93
2701
5981
994
2711
13845
1768
14292
17772
2124
17480
13573
4752
16522
5016
10280
2759
646
5266
1865
752
1376
705
11471
760
15342
13251
4
13635
7700
2013
13335
7
11322
9541
3677
1020
1499
10513
8859
21502
3748
1324
16998
5662
5240
14655
1331
27437
3351
476
169
6681
25828
14003
5635
10541
11855
11210
6859
659
393
5216
65
5541
4219
10064
516
2245
6781
5204
5194
2817
628
1183
354
2575
4895
8483
18644
2808
25469
12830
171
12618
823
9061
6712
375
807
3605
14291
5966
2689
15310
10123
782
774
3009
18572
1773
10585
5309
15670
4013
210
580
1015
5210
18751
21579
13313
6404
1761
753
18739
25251
4387
4340
14412
660
7771
25740
6147
974
1371
388
8741
7588
24234
198
6784
13072
5543
10501
8669
357
3169
7675
6834
821
2187
9311
5861
5262
209
4299
2114
3022
12397
11982
9433
12682
17003
1524
19037
7564
1167
19482
8864
6985
10681
3715
1966
28
102
3792
16178
21764
244
1563
12964
21229
1088
1341
541
565
46
634
1041
7054
13332
4016
16407
3414
7378
14736
5781
801
14256
2021
13
2187
16140
695
4109
158
2367
7224
304
15817
922
338
171
11205
148
5243
827
1408
3964
26040
19134
22345
12720
7909
8743
6359
1640
6812
1943
3919
2150
0
2686
1300
1525
4424
112
5783
1903
1103
13228
2733
7
4016
2543
3769
8424
10785
5535
7454
46
189
6336
17043
2106
10894
15586
2564
2634
162
362
7644
3425
7772
7435
507
2673
10443
8215
11237
8454
407
995
4429
6801
1467
11562
1600
276
1851
17315
12014
9611
10440
397
7738
356
80
334
18919
146
14274
17435
10875
13124
3472
20949
3047
11976
10569
17598
1161
8956
3884
8523
3139
4297
4641
6362
10259
2805
519
4696
13755
6964
6867
112
88
20602
573
2420
959
15548
5409
3419
5072
19250
4585
264
2250
133
21762
168
23792
8752
8674
334
7624
167
10402
16056
2409
4890
3671
622
9444
60
2700
7007
3806
2761
9204
11
9589
18481
19304
3562
1764
21052
20279
4603
7600
1727
17790
6396
5419
14724
3704
5226
6181
3489
16
8562
9879
16287
12845
895
4280
13610
1776
5421
5084
3052
13618
15296
21745
9647
3711
24298
3
15376
18279
9162
10913
9086
3258
19090
1245
19573
1272
3406
5100
3659
26042
5539
8237
9645
14491
3263
2930
12965
1018
56
4960
2033
1170
2509
15918
3075
725
12044
16569
1650
631
10330
3089
6232
25
15088
2972
6593
19102
573
14284
4792
10730
3056
1377
12696
8798
7423
252
3382
7886
6423
2449
7621
1354
12990
529
395
430
12368
5078
6878
1547
8248
19590
15
6772
2401
1923
1049
18140
2275
13679
2978
1558
10294
4812
3890
781
2538
15012
6847
6518
9406
4959
10286
8377
39
1110
84
2652
635
865
1360
6803
11727
376
13201
11104
5735
7925
1194
6761
20
2223
129
441
20725
14481
3282
9553
3934
9997
2375
2938
13620
10740
7966
5679
2983
8876
4678
5394
16895
15213
12288
3446
6267
6323
5702
8414
1340
1823
13348
4795
6215
919
20421
2736
8784
4368
2422
3260
16477
4950
553
657
2830
4016
7353
3127
2423
26291
5989
212
10816
21594
9408
2478
19583
3190
4698
255
2846
8076
13594
8837
46
122
3853
21185
5355
6162
6039
27086
10534
8
25145
9268
13094
7469
7773
6416
1067
4001
1448
2963
1433
17925
19197
4622
5965
1417
191
67
2316
17607
2681
290
1
11870
419
20334
800
4781
1105
212
1344
2808
1709
39
9738
14704
2442
27
762
3289
8976
13940
3356
100
9131
7448
2234
14229
1546
7067
6445
6323
586
3931
18306
3267
203
12512
5077
6490
12565
96
17285
22727
11938
12339
5691
11042
3765
3617
3708
8517
8391
14233
21798
27771
11926
14495
206
601
13301
7454
4356
6982
9756
1470
3485
4622
16974
5275
580
20514
13184
14550
7157
1827
569
8820
671
21486
3849
220
20117
1845
1945
6320
972
17458
2049
23
8546
8775
1144
3360
7379
810
21407
19050
5597
3179
1997
22847
16838
11776
495
6929
6710
217
1618
1022
22305
104
7223
5691
1390
2373
14211
15142
26770
18457
10626
17
12476
10395
6077
7352
8950
310
16979
60
28144
0
2535
15513
965
7700
23310
2932
3487
15989
745
4196
2067
2538
957
3141
3885
1880
266
7752
2495
1385
3304
2580
680
797
7052
3457
5388
1778
11059
648
14097
694
17468
4544
822
4991
22811
17721
1769
13557
1108
7595
2657
20062
340
18611
601
14327
13933
18408
1133
5141
368
90
4362
2278
19956
21673
10796
34
31
12985
1637
4233
564
15526
2482
1233
2339
11769
11795
10215
12940
7666
2805
10264
2284
20363
100
6803
8715
5801
9331
12026
8
423
8
7329
5594
514
14128
5631
15514
4688
11750
14944
282
22010
8296
18613
4124
2058
6057
15894
569
4637
6829
5266
828
13542
12835
12461
26291
21471
2679
4186
200
9683
2874
3853
6074
2629
14495
11275
745
7350
8125
15260
199
636
11046
157
154
1783
2938
12512
22144
25729
5672
1753
24243
5819
10657
14463
16606
3650
16615
2691
2291
7454
1968
1527
8561
2322
16809
6906
10822
2342
9020
850
12771
7713
6577
868
16965
639
4033
2438
469
1558
9781
18961
9069
8393
953
12844
1620
258
15338
3970
7482
3267
5650
11542
5103
11798
883
7830
4324
8258
924
671
13400
4645
17102
5272
22091
542
10455
9919
16099
6456
657
1850
5926
1485
7553
1025
14042
13973
10740
4546
6262
11513
93
1291
22378
230
55
3855
9920
1663
1684
2001
7165
5102
1010
406
7579
20
28634
1655
1423
6375
13681
1682
16523
3582
6442
8881
8570
255
769
2693
20312
22265
16056
743
11876
573
10995
12578
530
9572
8974
2743
55
4555
5148
2929
503
4230
2892
3551
9869
10089
20777
16603
30
184
1181
6086
652
19477
9463
5268
427
8551
1439
12005
11764
10111
279
1360
974
15641
5597
9540
599
2477
1861
22055
10639
5230
8519
9151
1839
9265
6878
223
8681
10103
21181
7012
4426
3666
2282
32
2063
15450
281
12596
337
2
14195
896
3681
2870
10561
20065
19212
2581
325
3346
913
14974
2919
1064
407
12817
3835
4427
5706
13203
16756
295
15457
2009
9008
8518
6549
1561
10
5257
2422
15714
330
2978
1489
15164
1161
470
19585
18
2765
8833
3790
17181
1195
3558
8897
3410
7170
0
6196
18510
68
7556
619
9902
1436
2078
7709
6668
11552
1682
4314
15233
25631
12678
16917
2987
2777
623
21825
16
2801
3090
5261
163
461
7749
3944
8348
2894
6803
30
6123
6233
408
3393
5538
18812
5876
153
4588
3035
13353
8197
3270
4796
22171
25662
14747
6054
9581
12711
7426
5896
13249
993
2715
2844
22506
26951
3
1120
26259
1423
4060
12468
11494
1
6433
7553
9977
59
720
18252
18513
1431
5224
364
1525
3638
14654
7570
19887
774
5236
11245
1600
8285
10033
311
13348
3461
6986
426
15928
11139
12786
10685
12130
3482
1653
18652
13350
11279
16496
15994
7004
3640
17311
6804
4473
19631
907
9625
6025
18126
21263
2167
18390
21725
6577
4736
16645
2018
20988
12297
5782
13046
83
735
4014
856
2854
870
3
6429
10881
17
2995
15076
18411
6628
3310
24828
1536
8615
1069
20692
4542
15073
5973
11053
647
15697
9409
60
7896
6955
15835
16522
3277
9098
2442
17271
11102
22553
6
14326
7
110
19333
1533
22971
16560
1487
2551
5098
1425
46
3573
17177
1010
5146
3271
23375
60
15572
960
13534
23779
2004
15773
548
19780
15997
6784
1130
8727
7895
3761
4172
695
15236
14256
3949
10237
12515
359
1750
6891
9694
15193
3872
8103
1877
11509
13014
7381
2640
16421
8964
2301
13445
1632
15378
7972
552
3577
5527
68
363
7084
5641
5365
2442
3701
17650
4523
14926
4839
9512
2607
6662
863
3051
12104
15729
7500
13182
477
233
10491
1213
10276
6388
17384
438
7261
4404
7196
3480
3437
7434
181
3
13205
22394
11524
10385
2799
1568
168
4361
6427
2661
11008
96
1048
4403
1128
3842
7689
2268
3237
838
1637
584
10594
35
13852
1513
2314
19608
20185
8919
22350
9862
205
6860
10201
3297
8897
17831
963
10316
1558
3996
2262
7178
5430
2666
1870
5094
15498
6136
13289
2553
6202
1430
1068
4316
97
10831
4369
14060
15279
136
7615
200
1831
5488
4472
347
3683
8918
10311
5676
177
4737
17921
29
6631
13775
957
1597
1667
4650
1993
8291
47
8106
1847
18715
15580
19263
490
12260
3473
6385
8193
6126
12350
20549
295
2517
7547
10538
5186
9079
15754
8655
16108
5838
5455
12296
2333
18718
14898
13813
1389
970
10
13867
17938
8258
9902
2565
15250
4865
8159
6255
362
21882
8475
7272
1277
7966
59
2576
2494
15777
894
7522
9605
1969
2531
400
10218
5603
13218
24987
12235
11943
1508
1637
898
7642
6036
9486
3300
678
13036
606
7843
115
5850
5003
15681
7455
7908
825
20800
5403
2002
4802
3061
2902
4805
8071
5
14766
9362
5321
2681
19411
1594
6021
20718
12978
2101
9467
3523
5837
5714
1749
225
4513
8688
13179
18314
11218
18802
2239
13220
12788
6852
5591
8671
12959
3572
7449
9972
4492
65
18103
6117
1590
171
7356
1980
108
122
14308
23870
551
10646
2241
521
5433
3996
842
7046
4323
1043
3791
2021
2620
18950
13860
365
21870
17187
981
638
5117
5907
6137
709
900
7216
15212
935
7794
17715
3588
10569
4909
2552
15444
1399
15572
4660
5214
15948
16551
4410
10299
521
4954
3197
745
1083
2383
18006
19525
5567
8041
2428
3747
4157
6319
1641
18121
12987
13501
1160
7816
17826
11529
151
1218
16725
1763
14463
14105
21162
830
2261
16180
884
22035
7404
415
6968
14472
9017
801
9595
7601
29
10326
11683
13602
1873
19482
3535
12208
17395
15951
21940
17932
3593
8559
8925
781
5069
12902
8311
21155
13651
2593
3181
22704
316
341
2173
22082
3801
1008
7362
481
4726
12516
12811
100
2670
1049
10693
5035
2996
11245
23684
10493
6303
1442
108
9132
7914
23296
8119
11104
583
8291
15544
4736
17091
1635
7821
45
1313
7572
11489
966
1413
1834
589
5273
668
4966
158
861
16086
5570
16957
3472
15207
2217
146
19828
14010
19950
14815
135
8842
8181
4304
24881
13939
1408
157
11452
25
9323
59
2903
317
8377
303
1098
8001
770
5735
7400
9838
2301
17135
209
4872
10945
11626
11300
1744
7349
14113
80
3518
10055
3342
14237
4278
18162
3070
10251
3852
2431
2302
77
2696
1194
229
5086
5282
13477
23196
15001
169
10583
11842
5454
6360
11884
8190
24263
750
3914
5037
18919
2999
504
4911
1520
17521
3248
17295
16040
5315
3410
281
1962
3758
17141
423
14250
1187
8121
4859
17362
5534
11913
14841
3844
4567
347
13594
2701
10561
119
5500
7404
5533
12434
12561
21171
5208
7005
9073
21012
2047
6463
18921
5137
10556
10393
2608
23509
17245
1401
1192
17135
3712
3775
4628
24832
2973
7789
330
1145
4362
8024
12197
3991
1617
6881
22056
4572
6255
15840
16668
8966
12564
103
604
2900
12896
7013
21656
6427
2074
305
1640
8667
1127
12678
6112
2414
1513
13062
15922
11448
1266
426
15348
10108
262
4896
252
14621
7240
745
2683
1727
2249
4360
5310
946
13613
16659
26562
5842
13222
14331
3915
1348
9236
21738
5444
6051
8763
5489
8751
3392
1206
3358
5011
13543
25361
20378
2923
989
5544
17279
12898
6602
5549
23726
24204
501
3871
19257
2459
17979
7849
25622
15110
6401
1823
2397
982
22789
18049
6
5378
10157
173
1668
15357
7573
12784
1110
18736
13545
15284
3430
12006
17537
6915
8135
20894
3919
1364
3257
19407
15482
16898
228
16741
548
6719
5672
234
25
13120
10499
3638
4282
14771
284
3343
8847
5504
23507
4389
12332
15490
22525
11192
4381
1011
9673
255
9801
797
2991
9871
12245
4295
14666
1296
6907
21390
4399
355
16453
4558
6580
1624
17055
18633
18740
3190
1711
7272
5185
189
883
12138
4576
23582
1974
5059
1342
17861
1316
4552
1088
18194
1612
1508
8419
1993
10235
6592
4245
843
3241
8076
17895
138
11243
4161
3378
13175
2
1952
4049
9722
15836
16432
161
1589
5847
3299
10046
1257
20401
1654
1258
15904
4591
17709
6334
758
16766
1727
1388
20524
4603
2040
10194
6524
177
8681
7006
19739
1
440
6231
9329
4368
1584
486
20987
1950
2095
1133
14066
2246
5623
15084
4157
6948
9628
2764
2970
17229
2282
17666
19547
6950
1075
2774
4113
9548
337
5521
1316
2004
3612
10077
2880
1032
479
1015
704
5640
13020
4026
20220
177
17268
9561
23694
1044
6253
5921
6998
8244
10366
1650
674
1259
900
9977
10227
9392
813
1244
5258
6362
2818
1043
7263
1430
1186
4372
6162
5090
8923
19273
517
13823
3251
1022
2688
4957
15590
14640
2342
14011
17515
242
58
13769
15105
1970
14896
14045
2075
15220
7
21150
2528
11727
11645
1058
6
16531
3042
7032
6049
8914
10438
1591
6692
6502
2344
8470
15547
9501
2161
3692
13407
20332
1796
10584
2684
4425
6359
813
6333
2033
10480
3266
8281
8742
21941
4364
8478
7746
566
3011
645
11584
356
3027
14830
7910
1028
21066
2697
3365
2140
84
5871
960
3690
6549
12
4710
13900
8898
744
12260
2928
2293
2097
14329
39
375
1003
8498
1321
2509
2424
53
7712
5129
17465
10065
2428
7624
1840
15445
1409
16548
5052
1288
26115
6
8682
9153
10402
17826
2246
5164
4945
5629
2161
3637
8313
1213
2883
363
1029
21646
3931
1770
11982
1155
8266
8333
2541
4031
12450
4081
5962
5288
2440
622
275
974
18280
3403
3751
6294
4892
1378
24379
6315
6714
7390
568
1802
4237
1015
1757
5608
8628
576
6326
11137
1121
156
7099
5004
15419
14534
4804
691
6191
6464
319
15911
3981
11983
14906
4683
2101
84
11198
1496
1272
12011
11345
18021
2538
6998
12376
135
8869
13509
3929
7448
165
4847
2371
11991
15
14469
1928
11825
19535
13152
2827
8037
5496
2863
4949
1223
25756
16316
10832
332
18610
2540
21259
11310
14545
2674
6862
2792
9901
2798
1625
24264
6790
370
239
7201
10005
747
992
471
1817
17392
318
9675
22185
25941
4236
949
6567
94
12908
4804
5839
2299
22599
13959
280
7698
18809
9
5405
3391
13489
8204
3730
2442
21136
12688
1817
4347
14
7431
7059
15987
6681
1428
4994
963
264
19479
137
2327
11400
978
2980
937
22346
1107
886
24681
232
4258
12283
7833
6468
9237
15428
8922
9464
18909
690
15381
345
1397
2229
3351
10273
14943
2763
3154
140
1007
8064
2904
3540
6963
14527
2112
2987
12928
131
17033
12
3595
3644
4937
4507
3250
5444
48
11346
4301
10233
9295
17244
4775
12370
16286
1581
1839
21579
2123
2399
557
12163
20447
8787
19379
5848
9333
7264
5769
1765
6621
23921
2704
1861
3967
19494
5357
18598
14207
20047
13477
14888
1985
19303
3583
6773
23962
658
30
3388
1767
9910
16171
2495
13119
1840
2277
16591
14378
56
16557
7134
12436
702
7714
13468
20413
14086
5175
83
5184
12076
9485
2894
1291
12890
2527
7232
13969
17412
10462
5589
4756
2923
2017
75
4705
12852
8679
5100
16750
3941
6608
10879
11900
12426
10806
25712
650
1845
14421
21203
4917
568
11571
75
17342
736
9142
4588
507
137
2592
10671
4648
1758
129
7657
674
183
22326
9747
1388
18532
1175
10711
6
1676
2215
9507
8519
26
1614
2303
20056
12618
10613
47
18189
828
24997
12331
4273
14447
6655
7261
15577
10091
2817
1788
7603
17479
58
15397
8051
1036
3034
11900
10788
8429
5672
12779
17365
37
221
9770
19924
26988
214
4688
17002
12799
2445
4467
1480
2095
2279
7576
16938
7494
33
3602
15681
2044
11342
11826
12045
14176
4026
1780
2573
6757
5599
6113
11
755
16734
13806
14085
432
59
2513
1503
4564
14081
9134
3745
7299
15008
6784
4659
17042
655
8352
735
19018
7822
661
1164
1996
2699
10510
11156
70
288
4824
9428
18952
747
1147
55
6382
1185
5320
1343
16174
7179
3923
6261
1
28117
6550
20537
13368
13708
4211
4142
14005
25463
24989
23985
8463
1177
9414
1636
7020
2026
3862
290
9101
1086
648
12049
16541
26673
2377
18863
15
2528
3543
8832
5027
12369
24186
2808
73
1454
17854
1644
3038
20416
9245
1972
8792
14896
337
15442
5430
4501
85
265
15572
13124
20122
824
8480
5515
5820
1839
554
1459
11861
19096
1642
8375
5446
364
3088
10302
3417
872
22775
8190
21001
2987
17794
4423
27428
1025
5998
12038
7503
11179
7932
7460
15595
1037
9774
4840
9469
27851
2962
22345
419
2408
44
599
10320
12520
573
826
12259
3014
15805
106
1034
19172
349
357
17772
20049
85
5355
22753
12896
10453
12379
7
260
3078
176
8416
11710
92
6082
12006
8084
647
9970
650
8474
13596
26843
3940
3105
18546
28732
1126
13275
487
1
1281
21688
23355
5282
18476
3943
23053
5420
10036
4364
5913
24598
14692
524
1328
12195
2430
670
507
705
708
3079
15724
17419
9617
1954
16128
7
5410
6158
4371
1447
864
19334
4237
7468
18755
3182
14746
2526
5801
0
22519
639
95
1773
12034
1892
4361
13432
6879
21717
20392
20894
4980
6319
12446
1142
9047
2823
16163
7
4130
7776
5548
1728
13461
5536
17141
6203
15174
2963
152
338
15433
3850
14782
207
9870
19140
4533
3955
514
95
6557
12469
13244
14360
41
4923
5040
4160
4410
111
12935
20028
17926
7121
11
19036
55
2980
6170
14105
526
116
803
5207
5719
3012
2301
1909
17313
663
7467
5615
3867
1232
15725
4495
21360
6357
5775
433
1003
8436
13307
3932
213
5349
832
9761
20286
10442
9129
26268
2705
333
2023
25522
6729
575
4363
12187
3174
5595
1514
7210
18772
7422
212
19400
14604
3753
11886
3926
1110
7790
1160
1986
9869
20130
7692
13097
1589
12707
15856
4566
5863
235
140
4293
2258
18204
6533
5571
16292
1909
10493
987
98
6512
5049
7
6560
466
13810
14075
13052
12586
14610
9530
4550
788
8983
3564
8828
1988
8194
23952
2618
10859
992
2659
558
2224
23774
4850
1905
5980
50
3097
2962
3421
11643
951
18097
263
9123
17271
7126
10508
13013
10174
2284
6594
10604
585
6489
4485
6198
5105
18826
19196
14186
18290
2875
4524
13607
8134
22807
16708
4879
6704
10508
15968
10650
8272
4007
4519
4801
5500
26454
5666
15549
7269
4371
3862
7405
5876
9836
4276
4347
516
17352
7748
8179
12672
6492
2920
8720
4601
18237
11170
29
3822
10187
216
13442
8798
18959
2148
7074
10
9291
14282
5324
16300
8950
6031
3490
1057
1377
8987
8579
8171
10578
4735
7894
1011
6764
9624
223
1604
16311
7564
21080
9411
181
3012
14334
516
10518
25068
14330
8681
339
3798
2070
13452
15717
3246
8703
1789
4802
5842
1819
1242
7638
14494
3668
2503
10394
947
0
4048
645
4682
8312
2417
8237
1416
15506
25119
1317
8942
10282
1943
3918
4593
3680
15080
9906
17495
1345
7335
5172
2196
2118
9987
9889
14424
1958
10590
3589
4333
6444
14546
12993
23657
9776
2480
301
20842
12349
12194
1106
1045
11629
10068
189
1542
6201
22861
3535
2616
3975
1135
3259
1237
18653
5776
10501
6115
4332
2520
876
3655
14092
9379
4655
2626
4811
5355
3
15673
18700
18159
5683
9788
6182
20150
21337
1670
10675
1372
12937
14953
16583
3349
16526
12423
6256
4484
3185
12607
18189
128
78
20557
381
22490
20822
14951
956
22914
1901
63
1102
212
3418
1224
1501
667
14929
8560
14813
14007
7854
596
298
9874
3892
16567
15681
10643
2639
339
2515
7032
23006
19644
8731
3476
2656
638
16995
15626
1396
5029
2300
2477
6173
13026
2891
19532
625
306
6052
20993
89
3513
4531
12054
13012
16356
9914
1552
518
647
15059
8313
7270
10544
6473
1706
21625
2750
18758
6913
17230
4544
3815
12271
14439
6848
781
374
6210
8812
6550
1501
9366
26771
9278
763
10793
9744
15382
11951
437
11952
10245
7008
7975
9345
4917
6150
24532
223
7305
21027
7503
1737
1216
13030
3987
17242
1278
21
17893
23322
9
10486
6056
16796
5452
57
2951
749
958
3286
4502
2544
12940
13880
4146
4027
3715
2933
867
960
17124
17212
8
742
1248
2607
4224
10305
3167
1184
4232
1816
18142
57
768
2385
2956
49
8078
5200
14730
7539
5327
432
13066
22079
4643
2444
11774
25364
9759
6948
16435
4778
2360
8395
1215
5243
233
1688
1455
12613
8999
1543
20507
13862
1223
2450
8115
2689
5020
11486
2625
9268
11491
17917
6887
11447
3978
4040
1385
5543
5212
1196
13893
5518
7208
22422
1150
1933
3320
15152
566
11578
10137
13642
106
2309
7808
13830
4718
22567
343
3888
2522
8
5973
6558
20625
16848
173
13105
11225
10894
16363
2727
5036
7079
27358
719
3431
5260
4973
208
13609
19397
6661
2434
9089
5803
4420
9423
2746
21833
4904
3475
7071
1036
2537
5611
8385
219
480
6433
2
14851
2706
24837
10299
15382
331
12
4696
6667
1123
10376
171
408
1
10523
3009
6971
6823
26420
5172
11403
16386
474
13764
6593
11878
7819
6309
22928
4940
7749
2817
752
1833
10194
312
7671
7851
2177
871
7220
14623
1911
6446
1258
4603
7145
10049
26849
3675
12044
11
1258
11770
535
5035
19031
16906
287
3348
4446
1308
1159
14389
13964
8982
882
3423
5693
17137
12384
16011
2193
1112
2441
7322
5744
945
4633
2080
9863
13009
4280
18509
2414
1802
6947
9878
6005
3418
6339
17828
11235
9601
16988
3599
11639
14827
12970
12
10785
10411
1785
15231
7541
9585
20416
23943
397
22762
11896
6516
5222
2837
6864
11427
612
11546
955
354
361
10590
13416
3200
68
2001
11691
559
17421
10577
1
105
9546
1854
5378
16147
3896
3956
363
6570
8830
3639
785
8254
12
6588
1175
2335
4655
865
656
16
962
1166
11299
3129
4145
11698
5365
1477
3557
2242
204
140
3448
1560
961
16491
14235
16184
1142
13406
300
15813
3736
14156
3488
166
961
4807
3736
21265
20880
4191
15760
79
8245
11940
3459
16625
16280
1344
61
16826
4116
10897
859
1038
4948
15386
3100
4
20644
6609
140
3188
13243
15370
7508
8161
11645
18570
6802
16806
8814
2704
114
756
101
4837
9458
12472
4214
14193
2425
1295
6119
9530
9465
10030
8196
8770
3510
25847
8413
21184
2770
5342
10905
2122
14790
7549
3261
4
18800
781
10645
9511
3450
7082
16532
1083
2526
406
7731
9763
7751
11261
20063
17983
7957
3486
7016
8213
808
4696
16940
4186
9366
18056
368
1738
15120
20836
13538
1367
1277
24705
7554
10345
9042
804
1986
7540
9615
6627
9330
2656
9888
49
5914
1046
4238
634
9780
1953
9781
326
39
751
10754
5036
16365
28524
7236
1504
12045
925
4462
12114
1104
13867
13403
1165
8073
558
1614
10551
4993
5402
12857
9739
12025
25599
19599
10675
7519
3245
8956
414
4601
11830
14
2125
6181
2428
23786
10944
20657
6792
61
2118
308
10766
11018
11157
24903
14741
181
7940
22743
4069
175
14394
1438
0
19209
1098
153
21274
3203
2653
281
3753
938
22689
13199
6637
2328
3
16938
2857
15
1036
12861
11422
2385
3328
12850
26
2679
6478
15555
5236
1670
10554
7460
1874
1701
10660
2740
17985
4210
330
318
2268
3011
1977
7028
33
10861
9293
11011
11039
25686
17285
6994
15354
1687
14430
997
9322
5717
6017
7626
4020
1183
1267
21351
3416
66
7200
1879
416
4878
39
1390
9527
15667
9944
1855
5744
768
5820
5688
949
11871
20999
16250
3746
1148
276
14084
9091
6590
67
8712
5678
7507
18630
2156
21790
19534
6024
152
14516
16145
10967
8255
6212
835
4383
5686
74
6015
20142
8059
194
11393
421
12371
22844
9080
2610
2798
4148
10470
15301
681
11537
15336
101
9590
4074
28164
1263
6290
18105
2
1348
11554
7837
7767
0
5
11556
12299
8972
9623
6538
7071
11791
8654
3954
5051
15270
14940
24043
8318
326
190
7364
223
3276
3413
3351
12625
15312
1159
6904
6255
7235
8614
17379
8230
6336
14667
6288
15897
540
404
11575
4767
2761
11871
5470
2974
4085
2014
1135
14581
25244
11957
9415
4609
5544
515
12145
27037
3229
11035
11001
26787
2632
217
564
160
655
1185
1597
13142
2051
991
1961
13475
8241
3068
26089
15101
15886
14606
232
21235
3671
180
6755
2461
9841
5059
4988
8745
803
447
6958
2773
127
269
7167
2749
2
1831
8116
16777
20164
12039
7255
9726
9289
11924
14588
536
4795
21980
7332
7342
5695
228
6041
9301
5433
21812
15612
3976
430
4643
3537
1
11904
12596
185
2310
19399
16316
283
698
3488
7658
2525
2900
8048
4817
7492
447
14779
45
5032
25280
3764
18601
2517
8641
550
1662
1263
6289
353
20413
170
3193
297
2192
3947
11787
2809
7074
8784
15743
4819
1904
5749
539
1622
14729
5127
927
2424
3885
2679
21028
6617
8173
8725
3082
6188
17241
3193
8702
1794
3443
164
1284
1920
7
12093
24661
5203
3315
17694
6271
16
21919
7914
17400
8128
1870
14316
9466
8860
8020
4603
240
17842
4
1017
9105
5557
5016
20834
3676
8062
2962
1783
10380
2466
3763
316
6746
9744
1635
3886
5748
30
1717
2736
3801
22034
9899
3650
1406
7737
9374
2810
24008
4394
6381
6487
1749
103
18130
5309
10995
1264
2165
15532
4925
10441
13901
2287
3
14146
2114
11406
8762
2169
9074
20032
286
117
578
17528
1279
1674
6554
7907
4862
598
198
8011
14667
5433
2461
6528
59
4668
4583
4400
514
21646
3865
7808
2967
206
13115
7856
4350
13535
8113
10379
79
2741
14407
2767
908
9480
11616
26272
2571
222
9768
7777
2860
6596
689
4643
12757
43
10760
25
6424
3102
18783
5421
12080
7154
7550
1037
5733
3908
9497
333
14017
4920
1523
22099
11150
1426
205
24598
8947
468
2117
859
8996
1177
10218
19492
6518
14150
1502
19647
15476
7723
1740
522
880
12352
2631
5219
287
371
18302
22088
10028
9485
875
8174
356
9
12005
6728
16700
15742
3040
634
14160
8695
9487
782
16791
25918
6279
15066
17053
10351
2983
16027
6158
4450
778
16364
110
4508
6156
7210
9830
713
14622
4361
2670
22150
1040
10903
2766
1454
10178
6151
23459
6001
6987
246
1417
4144
318
16634
28
17902
18415
9218
18480
4317
7843
8488
20048
4204
914
13416
7142
10823
12974
319
5791
2255
12940
6639
3747
12715
11408
14820
3586
16908
13134
19660
1295
5029
1847
1348
857
66
16326
1699
7941
3886
1071
4820
6142
345
16508
4601
4840
606
4463
8690
828
9441
17074
4063
5
10336
1322
6782
1865
10291
19990
4018
7352
21042
6704
10155
2470
1901
11908
10522
5892
3004
2994
5528
7724
14569
18405
883
14826
2567
6146
4417
2125
9294
11116
9053
9912
14944
6878
306
1127
26350
448
3456
22310
15454
1650
5700
7387
60
2678
2171
8401
926
828
2773
15564
8577
3873
5724
1217
14696
1020
919
4053
1585
18009
10010
1473
2757
6570
5472
9894
4946
3997
11239
3027
223
18602
10766
438
2847
13977
8631
18410
8972
14109
3426
15651
52
12720
2321
7087
400
12133
388
17303
711
5595
13044
8049
5454
16245
19716
16048
2153
1702
7665
1033
10987
13725
20357
2102
3
5874
6014
22
714
2931
16058
23620
612
14024
1051
8339
348
65
4620
6032
15519
534
3544
17298
4281
2924
22596
6311
776
1305
1831
7919
1396
1048
12934
16128
27017
10669
2866
27545
6221
12874
4347
302
10364
6609
17687
1094
5135
3142
5230
2854
18888
1209
10379
1765
908
9408
1917
12730
13797
15914
2122
13002
13250
21837
3389
3750
15550
443
137
9948
53
4165
15449
159
6198
20096
21055
22282
8864
28987
10778
9140
13084
6247
2139
17399
9234
1642
4039
20924
2000
174
5554
15676
7957
19764
13903
4736
23106
11193
4638
16660
69
9377
5300
7624
5828
1668
38
3585
11514
7009
17267
14325
12306
5606
3
24992
117
12100
15592
10989
3736
12553
110
13562
943
875
13552
2688
6773
1649
16485
1876
1496
4332
15242
1244
9632
2684
11
5524
2539
294
4318
892
601
13418
2503
21718
19595
19482
519
6093
9471
8405
11403
1484
445
9256
5905
10895
7114
8982
17676
17837
3375
4891
21816
25610
25829
231
11547
13011
2262
271
16805
12498
1981
15163
10545
16080
2107
35
6270
4597
5960
6664
8960
0
498
19084
20858
645
20056
17946
8211
19478
181
4063
10771
13785
6712
17477
692
3597
5229
3020
167
19569
8350
15754
5536
5111
14424
19895
14415
5148
14046
621
881
9
110
13318
24938
9249
1910
10839
16512
1215
11079
876
3643
585
6608
12782
7929
17085
5140
15811
6325
1040
18558
885
7509
3725
88
5148
3611
17806
2917
1539
2615
2323
7585
1677
18373
12335
11989
6485
8351
11714
5725
2728
12535
267
73
924
9101
14378
4593
10986
21798
24892
1429
4229
3444
50
8576
725
2758
11468
9099
3880
2500
21140
229
16212
9536
2917
21591
3123
4509
17613
15285
350
544
8192
1167
9446
1661
17995
13625
7772
2900
18357
14053
7300
24927
9169
648
10212
19779
3931
2728
19116
12463
216
8190
1930
8534
3983
5
1218
2059
7853
12129
5215
144
675
20
13834
940
5907
3676
257
2825
1415
2246
1906
3426
8581
6649
4894
11079
8076
16210
68
2673
4428
6127
19609
19247
1124
7915
7149
23345
12495
9636
26816
15479
1409
9896
99
87
10140
712
1282
10239
23110
22316
1103
1645
2291
398
8409
8027
14712
548
11067
2176
8088
8876
15857
0
6033
791
6779
23599
7593
3550
501
10832
12744
21143
17335
2876
8755
17210
4734
13119
1775
389
13
1774
14010
2234
2909
7
1631
425
15111
16715
12676
13731
22018
8479
18453
21270
1731
13960
10359
13364
25571
412
4894
14724
2991
9456
443
3373
7515
11549
20889
249
16645
23317
11003
10374
7577
5475
7729
17025
4789
31
197
7
12891
397
7423
2571
487
2855
1197
4
2986
12180
11728
23000
17722
8308
1901
80
22048
13654
7355
6332
167
24481
8682
6252
17265
158
4878
2638
16843
9440
13355
21836
4256
349
20016
5232
3787
21963
164
6512
11547
15852
106
11786
3976
19827
822
145
818
10351
2568
15567
748
5177
18184
4151
5614
6959
3517
13190
224
7645
6134
13063
4099
2188
1386
21970
2212
4937
312
15784
13391
5810
15
12002
13634
20345
15422
8447
6492
5817
17118
16148
1180
4642
12363
12802
13349
642
527
615
5713
8978
13511
1152
9568
5523
6915
24755
2416
75
3565
2821
2575
3343
7092
21601
19
9375
2363
16960
14163
9
9931
2026
2118
4032
2099
5789
5534
19233
3333
19711
19665
17931
12982
11671
6859
5216
21323
7796
7879
1596
4931
1152
283
7148
2282
17526
2578
6019
1627
17
19095
10659
952
10491
8211
10584
8340
1318
1037
18756
4429
18765
12742
7002
12968
169
2058
3896
91
7318
1413
5626
1202
13475
3360
7094
17871
27278
7423
5984
578
22722
4666
3076
8586
23431
15
19833
751
15658
7790
13173
14161
4817
7368
8547
18356
4496
1174
20226
13058
4868
14455
2500
562
3150
5972
2925
37
16044
2015
3562
16760
8682
3574
5899
134
11621
123
1771
4155
676
10840
11157
5136
243
8227
16788
14548
4482
8914
23658
20656
11610
10898
1773
701
78
6338
10321
517
16652
3553
4011
3286
1992
23112
5835
5300
20183
15579
4987
490
19212
18861
4731
3377
2063
4116
467
25829
5686
1696
24940
3430
26809
3137
12409
7929
4410
7148
24081
8362
181
9684
12978
335
4451
2116
10175
2817
1532
160
3
22617
114
10758
547
636
15180
128
24436
9278
10917
6941
653
9911
25349
6614
126
6673
2680
7864
5716
11170
13085
2653
6649
1441
823
7104
1465
1040
372
23148
8283
7328
2048
3402
11132
5
10972
24366
3692
5670
140
3883
3004
990
1393
20820
8335
14122
22254
99
4578
82
6449
10186
20024
1111
137
12907
4670
15052
815
17664
3256
4244
10570
18453
1283
6945
23301
6696
3209
15480
15259
1450
19365
471
4428
9643
11551
6915
8919
23040
4734
1519
16139
9976
8111
7075
20283
8196
3480
4135
2982
16260
3680
3355
3879
24550
21132
26989
3817
6148
8109
3567
1259
16034
6819
10635
12385
3105
3206
835
510
9668
18088
5129
4608
1018
11370
10350
3701
61
4448
3868
3122
1973
438
13768
204
0
14985
2795
7740
14492
1976
118
8243
906
103
12074
173
23451
21452
2448
9328
4049
268
2122
10857
2655
965
535
2016
19204
414
7091
13344
291
3507
13232
3988
17518
19072
299
17900
23798
9330
10169
7659
11645
4265
3095
2617
5309
8413
12841
731
26
9436
11490
1986
5969
4437
138
10529
3341
14163
7747
11144
12971
2321
1701
1012
9560
17743
16718
3909
3816
13676
6134
1106
16694
9292
21892
12266
9978
12168
4965
1306
556
774
6353
3800
856
12058
48
14436
11072
510
7887
15066
10298
49
8874
6616
371
1399
32
5636
23163
4332
16761
24036
7217
27140
710
9518
1177
9450
4538
6624
3932
12305
5556
5251
3023
8152
22343
8708
4539
1283
3240
1873
14779
681
1
8211
1955
18806
2100
9675
1679
509
6165
585
5635
13584
3707
6868
3272
2150
1437
191
14090
21719
16245
11769
4138
4930
1753
16306
1752
4886
6476
19805
3486
1526
4694
589
4402
4950
250
11060
6712
4560
1188
22698
13205
22087
4751
7377
9060
18443
21873
2225
2819
23060
10
10356
1530
21796
4636
10543
2300
17195
7441
6580
23
3633
5094
12899
19099
7312
4186
7103
42
462
852
1864
12164
1373
16103
2393
131
5885
12635
8922
839
973
296
7439
17425
142
5929
5365
3428
14353
7039
10520
9
1716
14702
10410
156
470
2345
13674
9650
1561
28004
6154
17921
9566
2370
18734
11777
5903
23853
480
3216
26
10215
2254
5944
12758
6334
6493
1030
15261
1236
12457
6856
15346
40
2056
14111
111
9630
18080
4548
303
230
23
48
113
8231
10664
1377
11523
5110
902
1061
8078
13545
526
12768
5852
12185
816
4266
508
9054
21248
339
6382
6646
12514
7718
161
11565
20023
890
7198
7456
2981
2693
633
3826
1926
39
2858
871
12027
485
15676
318
3556
4019
1014
13460
9523
7
10870
1572
48
15817
22048
2716
24495
20526
6918
5959
1750
6529
23488
5436
1939
3863
14424
14743
19496
4843
15220
436
591
2956
22054
2045
5934
4771
8104
5684
2156
3185
2420
6441
8459
13432
3228
14465
6090
8327
9426
33
10188
12370
1969
3650
4018
231
10047
4529
6223
1645
13424
23
5905
2422
10618
1323
2226
710
9704
12135
9555
117
4615
7259
18318
4977
22624
186
1743
19848
258
12113
20804
4937
820
5759
4501
9749
2630
17116
4
9429
13025
11014
2020
5454
2326
21812
6186
14025
6794
5561
8786
13358
16359
13400
14346
22370
6776
21295
10053
4136
1027
2409
8618
7081
849
4150
462
5138
16816
5585
3813
1817
20163
2565
6426
1071
8663
848
451
13869
12439
3524
1269
22179
10118
8309
182
2054
2382
11993
14315
7142
6700
282
13685
3634
3171
26014
13209
10246
5902
5063
5821
366
6472
42
525
15227
4384
14344
5114
4822
1246
7304
5695
1338
5813
3528
3949
7621
8378
2570
5449
2377
3111
494
21200
9158
5762
42
5113
475
742
109
554
6908
8552
8516
2927
21792
5863
8532
954
748
9788
5033
7929
14000
10657
906
5637
616
21954
6443
1966
6064
27069
237
8130
13146
659
19913
21930
12536
8170
6728
6513
2933
14455
3820
1995
7978
15109
6921
2663
7861
2086
5313
1643
156
1401
1732
1079
122
7583
8654
5473
7576
9453
6645
636
13091
24222
299
8905
1192
16701
4884
3760
11649
12290
5547
1912
1322
101
8126
2
11357
1627
410
5918
3845
2702
12646
258
4911
5126
8940
20118
7664
18844
6490
1403
1751
5231
6112
5649
9112
2470
15391
4511
3966
15083
2741
9882
614
4423
13361
9646
20969
2145
18373
16564
135
12135
9043
3290
4946
1103
2131
2661
21109
6553
21542
5179
20520
1383
18142
5
22698
47
14974
16053
13349
980
20026
812
21190
756
1110
1755
6278
11850
146
10992
2337
1489
7228
5224
7370
3977
5448
17267
613
22088
21576
11603
6315
409
5283
7562
4772
2225
1686
715
1298
2497
4602
8595
4568
16838
7255
124
13598
9802
20260
7
2868
990
23116
1010
1613
572
6817
12903
3988
13165
11763
21149
28
5686
17633
15507
3623
8370
18652
11921
11615
369
10079
10053
3517
111
2376
59
13945
4265
9221
18531
14191
1502
7253
4623
4609
314
397
17578
191
667
6777
17501
74
23667
941
3919
1046
4532
2415
2163
1883
5932
313
9222
16994
4777
18753
69
6441
975
16198
15473
10906
112
9663
734
8193
8062
145
12378
5548
12185
19632
652
1264
2261
2189
935
5407
4672
392
18102
17203
8435
6661
9782
14101
19366
1905
580
2887
3410
4775
17436
15020
1076
10869
8721
3
19362
11130
2341
17990
5539
4378
21266
18506
4915
24703
3942
6039
3
9898
6701
1002
2797
19098
296
192
5160
5445
19795
7908
2827
13183
19448
20195
2371
965
13866
762
24495
4499
13917
17343
1544
6331
5776
2254
27
8649
6083
1003
231
4466
11085
3492
7586
16967
8
14178
4774
20175
14986
7477
12974
15873
3370
3614
3797
17348
9521
12907
16322
819
8180
216
9827
10067
5027
4156
715
4794
5023
12017
9133
8083
26
972
1439
1467
8594
6102
2935
11638
4261
10444
1198
2144
223
55
2849
3099
31
133
2333
18579
20190
2694
3287
8050
3661
112
3358
4
13329
4766
2227
12358
8239
2993
11440
12878
1340
17680
8812
8979
3132
1301
20590
11055
8204
4421
483
1740
5434
12682
3407
4037
1741
25061
3680
2514
6753
1636
7216
8666
18690
18353
10024
2089
1760
6602
26109
11094
7410
528
7528
25
12731
8213
9946
1415
2790
1097
12211
15002
3319
37
5244
2767
2451
4625
205
1681
23482
13037
2991
5088
1801
5520
2169
3776
15481
5598
411
353
8272
2567
1805
16905
4811
5312
1535
1046
13569
16412
18012
465
401
4800
283
7715
1829
680
1633
15108
4589
7462
209
15529
3975
5619
10334
1670
3750
15200
6069
10617
13134
5528
16861
15588
7580
5772
20689
11108
803
24
7691
211
9874
1101
24408
22482
1414
16758
511
4299
1135
3627
7857
14357
3041
3532
6328
730
10443
8224
14480
1186
2781
193
662
2654
8082
228
217
5593
3042
6585
2223
904
8045
11939
20410
9014
850
6347
1522
1776
8567
5910
7573
1949
258
12930
745
10299
18625
2761
16005
6699
7353
564
5150
17833
4316
15991
2369
1665
2451
17373
3687
6593
18591
3021
2407
5311
1260
7282
14516
12754
8963
7285
3622
4433
930
3197
2599
1047
15062
2972
12133
76
53
17762
2302
780
16325
317
2046
16417
502
4372
2699
6460
7899
22589
12135
1352
15682
3911
366
2269
1552
24273
18252
8933
17633
759
5419
4481
11
20360
2345
23985
10527
1337
19
367
2441
8178
10037
336
4
579
2356
11622
1645
20302
307
1221
1966
13809
2711
3789
3908
25257
1280
2549
10152
2679
3075
9859
1122
377
19030
6546
6368
2724
7513
18196
1091
21267
26357
3246
5691
6333
21937
3510
6277
18022
4374
12534
10309
2773
3389
10016
2991
468
4741
4714
126
18564
178
2029
10303
21062
5953
4170
10097
1389
21837
4330
505
24982
2586
214
24778
618
215
6404
13127
3170
1490
9920
6189
5171
6520
928
15165
239
5423
561
3113
12840
4623
53
8102
16442
4015
3758
13075
17348
1631
12439
13
4349
1505
793
3318
12263
109
8563
2386
4361
2052
11733
1925
7526
25065
20423
3802
4036
8130
10681
8424
3323
10702
9846
2489
13360
20695
13858
4379
12777
2859
15527
22900
1600
3526
137
6578
7891
4384
23269
3497
769
22223
9557
4209
12152
10247
12585
4241
7970
3922
1726
23161
8616
21688
32
18647
587
4
3743
108
3445
22150
11875
11636
9261
13890
10156
684
5232
15742
2101
16881
13152
6005
322
26796
550
5937
19852
2829
9596
1527
3756
5171
2684
1478
2016
19501
949
3028
21250
473
1120
10593
2714
692
92
128
1838
5843
18775
2194
26230
7
13751
4747
1342
2956
7218
1472
789
8080
24451
21502
1623
1659
11762
2385
14495
1321
18427
1337
18189
4729
19736
4048
7197
422
3279
7330
3802
15772
24174
3926
12838
3269
12706
16007
638
1746
781
2159
28465
5511
555
16031
14101
961
5376
14352
3933
19386
6475
1494
1061
1336
3897
8798
884
4425
14917
4257
2495
10128
20003
8374
11643
16539
9141
19152
2238
263
127
3723
26692
9732
2561
1136
2469
16154
65
310
6040
1857
25322
5990
1363
4854
3899
103
417
458
30
12134
546
1189
234
316
15797
1500
8496
2406
14309
2612
200
22256
167
741
2616
5515
20193
14546
9639
3270
321
19206
3426
4508
12812
3698
8969
680
84
21564
8175
1267
2326
2184
2550
15213
14863
4013
8463
9911
12512
2
4067
7050
394
3761
14178
110
242
14122
2656
460
4787
44
11197
5071
8703
3494
4222
5989
3888
266
2014
2541
2858
295
26093
4460
16576
2010
2355
7250
7644
15083
6653
4926
5305
8216
4048
24849
4195
3890
5145
19101
2911
3910
13501
8909
2
7110
3
2014
8413
10583
20220
3881
27387
1795
7489
2325
326
1118
3825
20183
18593
20129
9870
113
13544
10437
1021
14620
15674
3238
1290
24817
2832
315
6531
15771
13622
172
3574
2599
2088
3249
12204
1107
2226
23093
7383
8305
4619
11832
880
2895
12204
19779
0
400
306
14345
24553
22036
1153
3395
1161
8197
1044
25611
7381
16506
19606
700
12359
559
22507
3933
13068
2164
11755
22191
1127
1662
2898
5960
17412
3682
19499
17916
10165
22842
11857
3687
10939
18439
773
1646
835
836
9270
10133
16470
14561
8964
7829
11539
13
15978
6334
1432
3
1753
5413
24391
3675
21647
4598
6075
21793
1507
2748
1205
20831
1615
2681
1923
6749
24017
125
1607
2268
5005
4231
9572
2495
2698
8259
22147
650
9829
10112
7095
6675
2210
6493
10697
257
1277
10527
18
779
10127
22339
15892
7502
1605
4564
2251
18181
25
1212
5394
12619
1212
21946
7306
13167
249
4215
617
4485
13190
8720
12646
78
22132
2714
4830
2566
8862
723
12642
2208
8541
1685
7320
95
21327
7448
1121
673
6351
62
15201
303
2303
4176
1348
11319
23032
11129
689
14682
5921
7475
26
10762
3478
279
15527
1749
3183
357
4668
5162
3457
3805
7096
1766
23468
881
3040
13825
49
5488
6594
3347
15884
6599
260
9083
2033
6567
1289
8494
296
10683
15629
7022
2214
543
14
1080
4923
321
13516
10253
94
20828
4671
2498
431
8519
23752
11864
17754
6864
24846
17987
7235
1783
335
1724
360
22146
19176
5589
17857
20527
8905
794
5352
12116
4923
7242
14758
9092
6038
22893
20961
3678
7366
4463
9707
2916
17524
70
1835
2429
152
7652
13533
7851
10323
11155
2104
2481
822
4107
3715
8526
16070
8870
3794
11240
3893
421
2620
4187
4916
16037
6412
11392
14099
180
500
8321
3788
8106
200
11889
15749
7544
11625
2868
12273
3897
2312
9528
1928
10885
20209
8404
18803
18189
7018
14344
1820
263
707
15356
158
15589
6553
7500
11722
7574
16230
594
3481
16
3981
4797
12904
15214
17938
3405
24621
2921
24762
3893
0
574
3279
3912
5625
5380
20848
2720
2
22820
19679
22422
4757
8
8541
8949
3100
149
13642
3602
2885
1138
7269
1840
14878
10014
7310
13358
11656
20865
195
6716
24042
6340
14263
18446
553
558
22593
6157
269
11707
16032
17335
10435
10477
575
1357
3506
9950
7228
2083
326
106
5446
439
3113
1837
22441
129
20472
39
3635
604
2331
20849
2066
20976
16295
6722
3238
12643
23404
23155
4634
12306
656
732
187
7721
2034
5082
26265
0
243
661
7992
3231
1010
16028
3705
10282
723
10673
16877
9302
16971
2324
24154
6263
2511
5598
3907
12231
5213
3998
737
6424
70
8046
6866
764
17012
30
8308
4808
268
12346
3875
4813
735
1666
103
9339
9525
16737
2321
46
5604
1434
16017
21441
242
7039
1040
1034
5515
10467
5641
4449
16589
3574
10100
3296
5623
4966
1857
11548
10986
6709
19608
510
6319
2791
342
18442
17722
13228
7962
16771
6280
13351
10145
1139
9935
7503
21
12010
4291
1926
11771
21167
7017
11202
10880
1946
19121
9794
528
6794
20165
1533
90
22606
203
13771
3550
11158
9155
9534
4343
12021
17384
499
18505
7849
2466
1970
4160
2955
9479
123
93
8402
430
69
17746
2198
8604
8371
4090
5603
1087
9864
16307
9519
962
10169
7103
12954
17545
14944
1389
170
4
21937
1877
2829
22359
4917
11060
16470
13125
1497
17725
1629
7211
12933
6714
462
13641
8552
15680
14190
300
15204
11149
26609
22995
5069
5690
5336
2908
4705
2106
715
4904
12261
207
4914
21
11286
15127
5373
10627
13440
26101
1197
18085
3218
16689
299
58
2400
5254
1017
2736
5325
5204
12348
6602
9069
1057
9453
2207
6444
6743
179
17654
11872
22652
4646
7815
1270
4720
10513
12817
488
7325
2591
656
7305
803
363
20257
1756
3006
5410
1453
1558
4707
668
7464
14
13445
11280
9477
4169
18478
315
171
2534
6972
9273
10065
8140
1948
25856
7077
277
813
14925
1699
267
7127
11744
13739
612
5545
159
9816
66
12473
2570
776
750
2996
755
2739
2493
19
5684
16103
86
12783
4836
1462
10619
2270
12298
1751
10358
16597
8529
9579
12645
23639
12572
12881
577
20483
4946
3918
2388
14559
6441
5328
2407
10577
4565
8381
10294
7212
1070
14805
11710
5716
7165
2431
1
23677
432
207
6267
9337
1220
7764
111
16644
7178
2103
24077
11827
50
18599
5254
14139
566
1361
18770
100
584
6267
10626
5002
1865
1991
76
799
23605
4698
21
25069
30
17257
19073
6731
1780
5003
15872
261
140
21146
7028
12146
615
241
1468
102
2121
3540
8328
2801
15299
3582
757
7770
1422
10819
45
21063
3676
34
1635
15534
5027
5825
7398
13266
622
2451
8117
14925
3175
1028
3839
2733
13329
1493
5387
1619
13347
1952
3500
8546
1639
24989
5937
12486
57
1987
621
11789
1307
5881
633
733
12558
63
18860
7412
1753
3785
2023
18651
25776
8845
9293
15117
152
3479
8175
1133
547
50
1593
16890
9722
3730
11964
15473
784
3335
19477
756
641
110
11916
7157
20323
14698
10262
4395
13643
4132
11887
4948
14363
5382
5518
5904
4014
7237
3938
3107
344
8767
1893
15611
1359
13428
3700
20241
15421
12315
9432
16529
5264
9253
21701
323
5555
22979
9290
27599
493
10914
4714
498
15785
5621
18880
12504
9003
17344
13918
4712
13374
578
669
63
4183
4523
8073
9582
2634
10720
1074
2510
27367
160
22586
6
7955
3391
9471
13960
2087
9472
2840
12593
15182
3452
147
207
11033
9327
23217
1150
27403
1719
626
2623
8358
1751
15307
24388
18245
1620
587
14207
0
207
70
893
393
6237
24377
352
984
2357
347
2994
15113
12702
23
843
3258
8574
9829
411
6442
10309
17560
1527
2608
16140
3058
15416
4
4367
8346
1209
832
443
13670
12087
588
1653
4987
426
8208
17607
4468
10179
2539
2619
8472
2203
25448
10394
17262
3462
28422
1666
3518
9165
2340
151
2758
6902
6552
4562
8385
24168
5059
1386
321
8944
497
12378
19214
4337
11277
2859
5646
4761
7074
2369
3843
5655
16010
5349
4863
1850
5156
10769
9345
6070
869
4342
10756
99
1144
10475
8349
19513
11161
1931
4623
1280
20105
5278
2383
20
5190
3
3361
135
14776
24035
13669
6287
13769
967
808
2832
5672
9889
8518
21784
272
1700
13281
7777
4139
10946
1109
4143
18449
10356
23393
604
3207
8304
11906
2058
15375
3687
7279
11687
3685
6975
5613
794
8172
18810
1257
11039
19222
653
19422
11311
429
23343
133
15203
20489
211
17095
3349
4576
15404
11576
359
689
17729
19465
3902
11808
18484
4642
13780
931
134
5834
15587
1259
3469
12759
217
7060
2999
11410
4710
8371
12394
2245
14714
13570
11124
4856
315
10184
5872
251
5593
6168
26156
21527
20253
684
839
6548
12920
16205
1919
3036
15895
2760
17564
5168
43
18657
698
6082
9150
3043
5191
2560
13130
8875
3631
161
16313
1917
23420
830
19809
25916
10375
6678
2899
21640
11904
5859
16352
5443
9041
12890
272
19815
137
11310
7185
18297
4545
7627
26657
8104
19622
5501
19694
21988
8041
415
827
16009
8061
7
1442
2517
17937
1498
1774
1468
5942
1026
8815
23828
15293
24771
1915
579
13214
13933
17988
4705
9903
8809
2032
3587
